function animation(character)
	local ts = game:GetService("TweenService")
	local canceldb = false
	local root = character:FindFirstChild("HumanoidRootPart", true)
	local part1 = character["HumanoidRootPart"]["RootJoint"]	
	local part2 = character["Torso"]["Right Shoulder"]
	local part3 = character["Torso"]["Left Shoulder"]
	local part4 = character["Torso"]["Right Hip"]
	local part5 = character["Torso"]["Left Hip"]
	local part6 = character["Torso"]["Neck"]
	local val = 2 --Action
	local tweens = {}
	local function tablesorting(part, tween)
		for i, v in pairs(tweens) do
			if v.Instance == part then
				table.remove(tweens, table.find(tweens, v))
			end
		end
		table.insert(tweens, tween)
	end
	local tween1, tween2, tween3, tween4, tween5, tween6

	local priority = root:FindFirstChild("priority")
	if not priority then
		priority = Instance.new("NumberValue", root)
		priority.Name = "priority"
	end

	local anims = root:FindFirstChild("anims")
	if not anims then
		anims = Instance.new("Folder", root)
		anims.Name = "anims"
	end
	local animvalue = anims:FindFirstChild("2")
	if not animvalue then
		animvalue = Instance.new("BoolValue", anims)
		animvalue.Value = true
		animvalue.Name = "2"
	end
	animvalue.Value = true

	local function afterframe()
		if canceldb or not character or not part1 then
			return true
		else
			return false
		end
	end

	if afterframe() then
		animvalue.Value = false
		return false
	end
	priority.Value = val
	local connect
	local connect2
	connect = priority.Changed:Connect(function()
		if priority.Value > val then
			for i, v in pairs(tweens) do
				if v and v.PlaybackState == Enum.PlaybackState.Playing then
					v:Cancel()
				end
			end
			canceldb = true
			connect2:Disconnect()
			connect:Disconnect()
		else
			priority.Value = val
		end
	end)
	connect2 = animvalue.Changed:Connect(function()
		if not animvalue.Value then
			for i, v in pairs(tweens) do
				if v and v.PlaybackState == Enum.PlaybackState.Playing then
					v:Cancel()
				end
			end
			canceldb = true
			connect:Disconnect()
			if priority.Value <= val then
				priority.Value = 0
			end
			connect2:Disconnect()
		--smooth transition
		tween1 = ts:Create(part1, TweenInfo.new(0.5), {C0 = CFrame.new(0, 0, 0, -1, 0, 0, 0, 0, 1, 0, 1, -0)}) tween1:Play() tablesorting(part1, tween1)
		tween2 = ts:Create(part2, TweenInfo.new(0.5), {C0 = CFrame.new(1, 0.5, 0, 0, 0, 1, 0, 1, -0, -1, 0, 0)}) tween2:Play() tablesorting(part2, tween2)
		tween3 = ts:Create(part3, TweenInfo.new(0.5), {C0 = CFrame.new(-1, 0.5, 0, 0, 0, -1, 0, 1, 0, 1, 0, 0)}) tween3:Play() tablesorting(part3, tween3)
		tween4 = ts:Create(part4, TweenInfo.new(0.5), {C0 = CFrame.new(1, -1, 0, 0, 0, 1, 0, 1, -0, -1, 0, 0)}) tween4:Play() tablesorting(part4, tween4)
		tween5 = ts:Create(part5, TweenInfo.new(0.5), {C0 = CFrame.new(-1, -1, 0, 0, 0, -1, 0, 1, 0, 1, 0, 0)}) tween5:Play() tablesorting(part5, tween5)
		tween6 = ts:Create(part6, TweenInfo.new(0.5), {C0 = CFrame.new(0, 1, 0, -1, 0, 0, 0, 0, 1, 0, 1, -0)}) tween6:Play() tablesorting(part6, tween6)
		end
	end)
	if true then
		--1, 0
		tween1 = ts:Create(part1, TweenInfo.new(0.01666666753590107, Enum.EasingStyle.Linear, Enum.EasingDirection.In, 0, false, 0), {C0 = CFrame.new(0.0277830772, 0.0672514439, 0.833653212, -0.999386549, 0.0334867835, -0.0102543635, -0.0312289745, -0.984628081, -0.171849713, -0.0158514269, -0.171424046, 0.985069871)}) tween1:Play() tablesorting(part1, tween1)
		tween5 = ts:Create(part5, TweenInfo.new(0.01666666753590107, Enum.EasingStyle.Linear, Enum.EasingDirection.In, 0, false, 0), {C0 = CFrame.new(-1.01573551, -0.876992822, -0.33638835, 0.222294778, 0.333400697, -0.916203678, 0.61829412, 0.678383112, 0.396873504, 0.75385505, -0.654706299, -0.055338677)}) tween5:Play() tablesorting(part5, tween5)
		tween2 = ts:Create(part2, TweenInfo.new(0.01666666753590107, Enum.EasingStyle.Linear, Enum.EasingDirection.In, 0, false, 0), {C0 = CFrame.new(1.20623255, 0.281675041, 0.0390171818, 0.759459853, -0.641184211, -0.110015914, 0.428038508, 0.365147382, 0.826710582, -0.489901841, -0.674944639, 0.551766455)}) tween2:Play() tablesorting(part2, tween2)
		tween6 = ts:Create(part6, TweenInfo.new(0.01666666753590107, Enum.EasingStyle.Linear, Enum.EasingDirection.In, 0, false, 0), {C0 = CFrame.new(0.00485330448, 0.977818847, 0.0014926946, -0.986644864, -0.155542105, -0.0483602956, 0.0155598074, -0.385537475, 0.92256099, -0.162141845, 0.909487545, 0.382808715)}) tween6:Play() tablesorting(part6, tween6)
		tween3 = ts:Create(part3, TweenInfo.new(0.01666666753590107, Enum.EasingStyle.Linear, Enum.EasingDirection.In, 0, false, 0), {C0 = CFrame.new(-1.46374786, 0.365506381, 0.0748529956, 0.526648223, 0.803716898, -0.276913434, 0.111156166, 0.257843345, 0.959771395, 0.842784584, -0.536242425, 0.0464548208)}) tween3:Play() tablesorting(part3, tween3)
		tween4 = ts:Create(part4, TweenInfo.new(0.01666666753590107, Enum.EasingStyle.Linear, Enum.EasingDirection.In, 0, false, 0), {C0 = CFrame.new(0.868560731, -1.10418367, -0.366711169, 0.267877162, -0.287981451, 0.919406652, -0.777148187, 0.499451101, 0.382869542, -0.569458067, -0.817077339, -0.0900127217)}) tween4:Play() tablesorting(part4, tween4)
		task.wait(0.014)

		if afterframe() then
			return
		end

		--2, 0.01666666753590107
		tween1 = ts:Create(part1, TweenInfo.new(0.01666666753590107, Enum.EasingStyle.Linear, Enum.EasingDirection.In, 0, false, 0), {C0 = CFrame.new(0.027782198, 0.0706431866, 0.83344388, -0.999386668, 0.033485882, -0.0102554392, -0.0312304758, -0.984655976, -0.171689853, -0.0158472676, -0.171264261, 0.985097647)}) tween1:Play() tablesorting(part1, tween1)
		tween5 = ts:Create(part5, TweenInfo.new(0.01666666753590107, Enum.EasingStyle.Linear, Enum.EasingDirection.In, 0, false, 0), {C0 = CFrame.new(-1.01572347, -0.876971126, -0.336480796, 0.222407758, 0.333374321, -0.916185796, 0.618762493, 0.677944958, 0.396892309, 0.75343734, -0.655173421, -0.0554993711)}) tween5:Play() tablesorting(part5, tween5)
		tween2 = ts:Create(part2, TweenInfo.new(0.01666666753590107, Enum.EasingStyle.Linear, Enum.EasingDirection.In, 0, false, 0), {C0 = CFrame.new(1.20491076, 0.281638712, 0.0389540903, 0.759826958, -0.640542328, -0.111213773, 0.428557336, 0.364852011, 0.82657218, -0.488878012, -0.675713301, 0.551733553)}) tween2:Play() tablesorting(part2, tween2)
		tween6 = ts:Create(part6, TweenInfo.new(0.01666666753590107, Enum.EasingStyle.Linear, Enum.EasingDirection.In, 0, false, 0), {C0 = CFrame.new(0.00485330634, 0.977819324, 0.0014929967, -0.986475706, -0.156412765, -0.0489981845, 0.0154204704, -0.386175334, 0.922296405, -0.163180873, 0.909067452, 0.383364737)}) tween6:Play() tablesorting(part6, tween6)
		tween3 = ts:Create(part3, TweenInfo.new(0.01666666753590107, Enum.EasingStyle.Linear, Enum.EasingDirection.In, 0, false, 0), {C0 = CFrame.new(-1.46235728, 0.365689278, 0.0735398382, 0.526647449, 0.803608835, -0.277228117, 0.111378893, 0.258077592, 0.959682584, 0.842755795, -0.536291838, 0.0464109965)}) tween3:Play() tablesorting(part3, tween3)
		tween4 = ts:Create(part4, TweenInfo.new(0.01666666753590107, Enum.EasingStyle.Linear, Enum.EasingDirection.In, 0, false, 0), {C0 = CFrame.new(0.867735147, -1.10469186, -0.3682051, 0.267582774, -0.288541943, 0.919316709, -0.777242124, 0.499258995, 0.382929742, -0.569468379, -0.816997051, -0.0906738117)}) tween4:Play() tablesorting(part4, tween4)
		task.wait(0.014)

		if afterframe() then
			return
		end

		--3, 0.03333333507180214
		tween1 = ts:Create(part1, TweenInfo.new(0.01666666567325592, Enum.EasingStyle.Linear, Enum.EasingDirection.In, 0, false, 0), {C0 = CFrame.new(0.0277813263, 0.0739786625, 0.833239555, -0.999386609, 0.0334849916, -0.0102565009, -0.0312320236, -0.984684229, -0.17152746, -0.0158430096, -0.171101898, 0.985126019)}) tween1:Play() tablesorting(part1, tween1)
		tween5 = ts:Create(part5, TweenInfo.new(0.01666666567325592, Enum.EasingStyle.Linear, Enum.EasingDirection.In, 0, false, 0), {C0 = CFrame.new(-1.01571202, -0.876950085, -0.336569965, 0.222522587, 0.33334434, -0.916168809, 0.61922437, 0.677512944, 0.396909982, 0.753023863, -0.655635417, -0.055653058)}) tween5:Play() tablesorting(part5, tween5)
		tween2 = ts:Create(part2, TweenInfo.new(0.01666666567325592, Enum.EasingStyle.Linear, Enum.EasingDirection.In, 0, false, 0), {C0 = CFrame.new(1.20360506, 0.2816028, 0.0388912149, 0.760200381, -0.639889657, -0.112412557, 0.429084629, 0.364579111, 0.826419175, -0.487833768, -0.676478744, 0.551719904)}) tween2:Play() tablesorting(part2, tween2)
		tween6 = ts:Create(part6, TweenInfo.new(0.01666666567325592, Enum.EasingStyle.Linear, Enum.EasingDirection.In, 0, false, 0), {C0 = CFrame.new(0.00485331379, 0.977819443, 0.00149240578, -0.986305535, -0.157279119, -0.0496467501, 0.0152696343, -0.386806965, 0.922034323, -0.164220363, 0.908649385, 0.383911431)}) tween6:Play() tablesorting(part6, tween6)
		tween3 = ts:Create(part3, TweenInfo.new(0.01666666567325592, Enum.EasingStyle.Linear, Enum.EasingDirection.In, 0, false, 0), {C0 = CFrame.new(-1.46098316, 0.365869343, 0.0722411796, 0.52664727, 0.803502977, -0.277534962, 0.111596391, 0.258305639, 0.959595919, 0.842727065, -0.536340654, 0.0463680513)}) tween3:Play() tablesorting(part3, tween3)
		tween4 = ts:Create(part4, TweenInfo.new(0.01666666567325592, Enum.EasingStyle.Linear, Enum.EasingDirection.In, 0, false, 0), {C0 = CFrame.new(0.866933167, -1.10531771, -0.369942576, 0.267306715, -0.289086491, 0.919225752, -0.77736181, 0.499025315, 0.382991344, -0.569434464, -0.816947281, -0.0913320333)}) tween4:Play() tablesorting(part4, tween4)
		task.wait(0.014)

		if afterframe() then
			return
		end

		--4, 0.05000000074505806
		tween1 = ts:Create(part1, TweenInfo.new(0.01666666939854622, Enum.EasingStyle.Linear, Enum.EasingDirection.In, 0, false, 0), {C0 = CFrame.new(0.0277804527, 0.0772566795, 0.833039999, -0.999386609, 0.0334841125, -0.0102575561, -0.0312336404, -0.984712839, -0.171362296, -0.0158386603, -0.170936793, 0.985154688)}) tween1:Play() tablesorting(part1, tween1)
		tween5 = ts:Create(part5, TweenInfo.new(0.01666666939854622, Enum.EasingStyle.Linear, Enum.EasingDirection.In, 0, false, 0), {C0 = CFrame.new(-1.0157007, -0.876929998, -0.336654991, 0.222638384, 0.333311498, -0.916152656, 0.619678319, 0.677087843, 0.396926463, 0.752616107, -0.656091213, -0.0558001623)}) tween5:Play() tablesorting(part5, tween5)
		tween2 = ts:Create(part2, TweenInfo.new(0.01666666939854622, Enum.EasingStyle.Linear, Enum.EasingDirection.In, 0, false, 0), {C0 = CFrame.new(1.20231628, 0.281568021, 0.0388296433, 0.760580122, -0.639226258, -0.11361216, 0.429620385, 0.364328772, 0.82625103, -0.486769229, -0.677240312, 0.551725924)}) tween2:Play() tablesorting(part2, tween2)
		tween6 = ts:Create(part6, TweenInfo.new(0.01666666939854622, Enum.EasingStyle.Linear, Enum.EasingDirection.In, 0, false, 0), {C0 = CFrame.new(0.00485332683, 0.977819145, 0.001492501, -0.986134291, -0.158140674, -0.0503063388, 0.0151072918, -0.387432605, 0.921774268, -0.165260375, 0.908233225, 0.384449661)}) tween6:Play() tablesorting(part6, tween6)
		tween3 = ts:Create(part3, TweenInfo.new(0.01666666939854622, Enum.EasingStyle.Linear, Enum.EasingDirection.In, 0, false, 0), {C0 = CFrame.new(-1.45962584, 0.366046816, 0.0709591284, 0.526648104, 0.803399205, -0.27783367, 0.11180862, 0.258527309, 0.959511578, 0.842698455, -0.536389172, 0.0463260002)}) tween3:Play() tablesorting(part3, tween3)
		tween4 = ts:Create(part4, TweenInfo.new(0.01666666939854622, Enum.EasingStyle.Linear, Enum.EasingDirection.In, 0, false, 0), {C0 = CFrame.new(0.86615324, -1.10606158, -0.37192747, 0.267048448, -0.289616108, 0.919134259, -0.777507067, 0.498750597, 0.383054137, -0.569357455, -0.816927433, -0.0919880345)}) tween4:Play() tablesorting(part4, tween4)
		task.wait(0.014)

		if afterframe() then
			return
		end

		--5, 0.06666667014360428
		tween1 = ts:Create(part1, TweenInfo.new(0.01666666567325592, Enum.EasingStyle.Linear, Enum.EasingDirection.In, 0, false, 0), {C0 = CFrame.new(0.0277796015, 0.0804755688, 0.832844734, -0.999386728, 0.0334832445, -0.0102585917, -0.0312353075, -0.984742045, -0.171194449, -0.0158342123, -0.170769006, 0.985183895)}) tween1:Play() tablesorting(part1, tween1)
		tween5 = ts:Create(part5, TweenInfo.new(0.01666666567325592, Enum.EasingStyle.Linear, Enum.EasingDirection.In, 0, false, 0), {C0 = CFrame.new(-1.01568997, -0.876910627, -0.336737543, 0.222755164, 0.333275497, -0.916137397, 0.62012434, 0.676670313, 0.396942139, 0.752214015, -0.656540036, -0.0559404902)}) tween5:Play() tablesorting(part5, tween5)
		tween2 = ts:Create(part2, TweenInfo.new(0.01666666567325592, Enum.EasingStyle.Linear, Enum.EasingDirection.In, 0, false, 0), {C0 = CFrame.new(1.20104539, 0.281534672, 0.0387675799, 0.760966301, -0.638551712, -0.114812888, 0.430164874, 0.364101678, 0.826068044, -0.48568356, -0.677998364, 0.551751614)}) tween2:Play() tablesorting(part2, tween2)
		tween6 = ts:Create(part6, TweenInfo.new(0.01666666567325592, Enum.EasingStyle.Linear, Enum.EasingDirection.In, 0, false, 0), {C0 = CFrame.new(0.00485332869, 0.977819502, 0.00149250834, -0.985962093, -0.158997446, -0.0509767309, 0.0149329873, -0.388051748, 0.921516657, -0.166300327, 0.907819271, 0.384978563)}) tween6:Play() tablesorting(part6, tween6)
		tween3 = ts:Create(part3, TweenInfo.new(0.01666666567325592, Enum.EasingStyle.Linear, Enum.EasingDirection.In, 0, false, 0), {C0 = CFrame.new(-1.45828664, 0.366221935, 0.0696942657, 0.526649535, 0.803297997, -0.278123975, 0.112015434, 0.258742541, 0.959429383, 0.842670143, -0.536437035, 0.046284914)}) tween3:Play() tablesorting(part3, tween3)
		tween4 = ts:Create(part4, TweenInfo.new(0.01666666567325592, Enum.EasingStyle.Linear, Enum.EasingDirection.In, 0, false, 0), {C0 = CFrame.new(0.865393519, -1.10691738, -0.374156147, 0.266805947, -0.290132552, 0.919041812, -0.777675867, 0.49843815, 0.383118182, -0.56924051, -0.816934884, -0.0926428661)}) tween4:Play() tablesorting(part4, tween4)
		task.wait(0.014)

		if afterframe() then
			return
		end

		--6, 0.0833333358168602
		tween1 = ts:Create(part1, TweenInfo.new(0.01666666567325592, Enum.EasingStyle.Linear, Enum.EasingDirection.In, 0, false, 0), {C0 = CFrame.new(0.0277787596, 0.0836346149, 0.832654715, -0.999386728, 0.0334823914, -0.0102596125, -0.0312370304, -0.984771609, -0.171023861, -0.0158296637, -0.170598477, 0.985213518)}) tween1:Play() tablesorting(part1, tween1)
		tween5 = ts:Create(part5, TweenInfo.new(0.01666666567325592, Enum.EasingStyle.Linear, Enum.EasingDirection.In, 0, false, 0), {C0 = CFrame.new(-1.0156796, -0.876892269, -0.336815298, 0.222872764, 0.333236784, -0.916122854, 0.620561421, 0.676260889, 0.396956772, 0.751818657, -0.656981349, -0.0560737848)}) tween5:Play() tablesorting(part5, tween5)
		tween2 = ts:Create(part2, TweenInfo.new(0.01666666567325592, Enum.EasingStyle.Linear, Enum.EasingDirection.In, 0, false, 0), {C0 = CFrame.new(1.1997937, 0.281502247, 0.0387073047, 0.761358559, -0.637866676, -0.116014265, 0.430718094, 0.363897741, 0.825869381, -0.484577149, -0.678752244, 0.551797509)}) tween2:Play() tablesorting(part2, tween2)
		tween6 = ts:Create(part6, TweenInfo.new(0.01666666567325592, Enum.EasingStyle.Linear, Enum.EasingDirection.In, 0, false, 0), {C0 = CFrame.new(0.00485332124, 0.977819383, 0.00149308308, -0.985788882, -0.159849152, -0.0516581424, 0.0147465989, -0.388664603, 0.92126137, -0.167340562, 0.907407343, 0.385498405)}) tween6:Play() tablesorting(part6, tween6)
		tween3 = ts:Create(part3, TweenInfo.new(0.01666666567325592, Enum.EasingStyle.Linear, Enum.EasingDirection.In, 0, false, 0), {C0 = CFrame.new(-1.45696723, 0.366394371, 0.0684480518, 0.526651561, 0.803198755, -0.27840656, 0.112217002, 0.258951575, 0.959349394, 0.84264195, -0.536484838, 0.0462448932)}) tween3:Play() tablesorting(part3, tween3)
		tween4 = ts:Create(part4, TweenInfo.new(0.01666666567325592, Enum.EasingStyle.Linear, Enum.EasingDirection.In, 0, false, 0), {C0 = CFrame.new(0.864652932, -1.10788643, -0.376633346, 0.266580462, -0.290635586, 0.918948293, -0.777867973, 0.498087555, 0.383184075, -0.569083571, -0.816969872, -0.093295753)}) tween4:Play() tablesorting(part4, tween4)
		task.wait(0.014)

		if afterframe() then
			return
		end

		--7, 0.10000000149011612
		tween1 = ts:Create(part1, TweenInfo.new(0.01666666567325592, Enum.EasingStyle.Linear, Enum.EasingDirection.In, 0, false, 0), {C0 = CFrame.new(0.0277779382, 0.0867311954, 0.832469225, -0.999386668, 0.0334815532, -0.0102606146, -0.0312388167, -0.98480165, -0.170850903, -0.0158250183, -0.170425579, 0.985243559)}) tween1:Play() tablesorting(part1, tween1)
		tween5 = ts:Create(part5, TweenInfo.new(0.01666666567325592, Enum.EasingStyle.Linear, Enum.EasingDirection.In, 0, false, 0), {C0 = CFrame.new(-1.0156697, -0.876873493, -0.336889893, 0.2229909, 0.333195806, -0.916109085, 0.62098968, 0.675859451, 0.396970689, 0.751429856, -0.657415211, -0.0562007278)}) tween5:Play() tablesorting(part5, tween5)
		tween2 = ts:Create(part2, TweenInfo.new(0.01666666567325592, Enum.EasingStyle.Linear, Enum.EasingDirection.In, 0, false, 0), {C0 = CFrame.new(1.19856215, 0.281471997, 0.0386463106, 0.761757314, -0.637170434, -0.117216125, 0.431279808, 0.363718092, 0.825655401, -0.483449489, -0.67950201, 0.551863849)}) tween2:Play() tablesorting(part2, tween2)
		tween6 = ts:Create(part6, TweenInfo.new(0.01666666567325592, Enum.EasingStyle.Linear, Enum.EasingDirection.In, 0, false, 0), {C0 = CFrame.new(0.00485331565, 0.977819562, 0.00149270566, -0.985614717, -0.160695761, -0.052350603, 0.014548013, -0.389270127, 0.921008766, -0.168380708, 0.906998098, 0.386008263)}) tween6:Play() tablesorting(part6, tween6)
		tween3 = ts:Create(part3, TweenInfo.new(0.01666666567325592, Enum.EasingStyle.Linear, Enum.EasingDirection.In, 0, false, 0), {C0 = CFrame.new(-1.4556675, 0.366564542, 0.0672199577, 0.526654243, 0.803101778, -0.278680861, 0.112413153, 0.259154856, 0.95927161, 0.842614114, -0.536531746, 0.0462057292)}) tween3:Play() tablesorting(part3, tween3)
		tween4 = ts:Create(part4, TweenInfo.new(0.01666666567325592, Enum.EasingStyle.Linear, Enum.EasingDirection.In, 0, false, 0), {C0 = CFrame.new(0.863929808, -1.10896444, -0.379359871, 0.266369462, -0.291127473, 0.918853819, -0.778082311, 0.497701108, 0.383250952, -0.568889499, -0.817030251, -0.0939487144)}) tween4:Play() tablesorting(part4, tween4)
		task.wait(0.014)

		if afterframe() then
			return
		end

		--8, 0.11666666716337204
		tween1 = ts:Create(part1, TweenInfo.new(0.016666673123836517, Enum.EasingStyle.Linear, Enum.EasingDirection.In, 0, false, 0), {C0 = CFrame.new(0.0277771279, 0.0897655487, 0.83228898, -0.999386787, 0.0334807187, -0.0102616018, -0.0312406532, -0.984832168, -0.170674533, -0.015820263, -0.170249283, 0.985274017)}) tween1:Play() tablesorting(part1, tween1)
		tween5 = ts:Create(part5, TweenInfo.new(0.016666673123836517, Enum.EasingStyle.Linear, Enum.EasingDirection.In, 0, false, 0), {C0 = CFrame.new(-1.01565981, -0.876856744, -0.336960942, 0.223108888, 0.333152384, -0.916096091, 0.621407509, 0.67546767, 0.396983713, 0.751049399, -0.657839596, -0.056320589)}) tween5:Play() tablesorting(part5, tween5)
		tween2 = ts:Create(part2, TweenInfo.new(0.016666673123836517, Enum.EasingStyle.Linear, Enum.EasingDirection.In, 0, false, 0), {C0 = CFrame.new(1.19735146, 0.281442136, 0.0385867581, 0.762162626, -0.636462986, -0.118418485, 0.431850344, 0.363562971, 0.825425446, -0.482300282, -0.680247605, 0.551951051)}) tween2:Play() tablesorting(part2, tween2)
		tween6 = ts:Create(part6, TweenInfo.new(0.016666673123836517, Enum.EasingStyle.Linear, Enum.EasingDirection.In, 0, false, 0), {C0 = CFrame.new(0.00485332496, 0.977819264, 0.0014926272, -0.985439539, -0.161536798, -0.0530541204, 0.0143370451, -0.38986975, 0.920758307, -0.16942063, 0.906591117, 0.38650921)}) tween6:Play() tablesorting(part6, tween6)
		tween3 = ts:Create(part3, TweenInfo.new(0.016666673123836517, Enum.EasingStyle.Linear, Enum.EasingDirection.In, 0, false, 0), {C0 = CFrame.new(-1.45438945, 0.366731256, 0.0660131201, 0.526657343, 0.803007185, -0.278947473, 0.112604089, 0.25935176, 0.959196031, 0.842586815, -0.536578357, 0.0461677648)}) tween3:Play() tablesorting(part3, tween3)
		tween4 = ts:Create(part4, TweenInfo.new(0.016666673123836517, Enum.EasingStyle.Linear, Enum.EasingDirection.In, 0, false, 0), {C0 = CFrame.new(0.863221049, -1.11014748, -0.382333428, 0.266173124, -0.291608751, 0.918758094, -0.7783162, 0.497281998, 0.383320361, -0.568661392, -0.817113936, -0.0946006998)}) tween4:Play() tablesorting(part4, tween4)
		task.wait(0.014)

		if afterframe() then
			return
		end

		--9, 0.13333334028720856
		tween1 = ts:Create(part1, TweenInfo.new(0.01666666567325592, Enum.EasingStyle.Linear, Enum.EasingDirection.In, 0, false, 0), {C0 = CFrame.new(0.0277763251, 0.0927348137, 0.832113743, -0.999386787, 0.0334799066, -0.0102625722, -0.031242568, -0.984862983, -0.170495912, -0.0158154145, -0.170070708, 0.985304952)}) tween1:Play() tablesorting(part1, tween1)
		tween5 = ts:Create(part5, TweenInfo.new(0.01666666567325592, Enum.EasingStyle.Linear, Enum.EasingDirection.In, 0, false, 0), {C0 = CFrame.new(-1.01565075, -0.876839936, -0.337028086, 0.223227024, 0.333107144, -0.916083813, 0.621815383, 0.675085008, 0.396995842, 0.750676632, -0.658255279, -0.0564339086)}) tween5:Play() tablesorting(part5, tween5)
		tween2 = ts:Create(part2, TweenInfo.new(0.01666666567325592, Enum.EasingStyle.Linear, Enum.EasingDirection.In, 0, false, 0), {C0 = CFrame.new(1.19616306, 0.28141427, 0.0385278836, 0.762574196, -0.63574475, -0.11962153, 0.432429612, 0.363432646, 0.825179636, -0.48112914, -0.680988491, 0.552059233)}) tween2:Play() tablesorting(part2, tween2)
		tween6 = ts:Create(part6, TweenInfo.new(0.01666666567325592, Enum.EasingStyle.Linear, Enum.EasingDirection.In, 0, false, 0), {C0 = CFrame.new(0.00485331379, 0.977819562, 0.00149302697, -0.985263467, -0.162372321, -0.0537689589, 0.0141135119, -0.39046219, 0.92051065, -0.170460388, 0.906186819, 0.386999935)}) tween6:Play() tablesorting(part6, tween6)
		tween3 = ts:Create(part3, TweenInfo.new(0.01666666567325592, Enum.EasingStyle.Linear, Enum.EasingDirection.In, 0, false, 0), {C0 = CFrame.new(-1.45313394, 0.366895437, 0.0648273453, 0.526661515, 0.802914917, -0.27920565, 0.112789482, 0.259542465, 0.959122598, 0.842559338, -0.536624193, 0.0461306944)}) tween3:Play() tablesorting(part3, tween3)
		tween4 = ts:Create(part4, TweenInfo.new(0.01666666567325592, Enum.EasingStyle.Linear, Enum.EasingDirection.In, 0, false, 0), {C0 = CFrame.new(0.862544596, -1.1115073, -0.385677099, 0.266011804, -0.292061567, 0.918661058, -0.778604984, 0.496774793, 0.3833915, -0.568341434, -0.817260623, -0.0952526107)}) tween4:Play() tablesorting(part4, tween4)
		task.wait(0.014)

		if afterframe() then
			return
		end

		--10, 0.15000000596046448
		tween1 = ts:Create(part1, TweenInfo.new(0.01666666567325592, Enum.EasingStyle.Linear, Enum.EasingDirection.In, 0, false, 0), {C0 = CFrame.new(0.0277755465, 0.0956385136, 0.831943989, -0.999386728, 0.033479102, -0.0102635249, -0.031244522, -0.984894395, -0.170313939, -0.015810445, -0.169888794, 0.985336423)}) tween1:Play() tablesorting(part1, tween1)
		tween5 = ts:Create(part5, TweenInfo.new(0.01666666567325592, Enum.EasingStyle.Linear, Enum.EasingDirection.In, 0, false, 0), {C0 = CFrame.new(-1.01564169, -0.876824141, -0.337092668, 0.223344937, 0.333059847, -0.91607219, 0.622211695, 0.674712956, 0.397007585, 0.750313103, -0.658660531, -0.0565400347)}) tween5:Play() tablesorting(part5, tween5)
		tween2 = ts:Create(part2, TweenInfo.new(0.01666666567325592, Enum.EasingStyle.Linear, Enum.EasingDirection.In, 0, false, 0), {C0 = CFrame.new(1.19499791, 0.281386942, 0.0384686626, 0.762992382, -0.635014832, -0.120824814, 0.433017671, 0.36332792, 0.824917316, -0.479935765, -0.681725025, 0.552189231)}) tween2:Play() tablesorting(part2, tween2)
		tween6 = ts:Create(part6, TweenInfo.new(0.01666666567325592, Enum.EasingStyle.Linear, Enum.EasingDirection.In, 0, false, 0), {C0 = CFrame.new(0.00485331193, 0.977819204, 0.00149265351, -0.985086501, -0.163202256, -0.0544948615, 0.0138770668, -0.391047776, 0.920265734, -0.171499521, 0.905785084, 0.387480617)}) tween6:Play() tablesorting(part6, tween6)
		tween3 = ts:Create(part3, TweenInfo.new(0.01666666567325592, Enum.EasingStyle.Linear, Enum.EasingDirection.In, 0, false, 0), {C0 = CFrame.new(-1.45190179, 0.367055595, 0.0636630058, 0.526665866, 0.802824676, -0.279456347, 0.112969585, 0.259727389, 0.959051311, 0.842532575, -0.536669672, 0.0460948609)}) tween3:Play() tablesorting(part3, tween3)
		tween4 = ts:Create(part4, TweenInfo.new(0.01666666567325592, Enum.EasingStyle.Linear, Enum.EasingDirection.In, 0, false, 0), {C0 = CFrame.new(0.861861527, -1.1128962, -0.389161229, 0.265843183, -0.292524368, 0.918562472, -0.778877854, 0.496290147, 0.383464694, -0.568046272, -0.817389488, -0.0959054157)}) tween4:Play() tablesorting(part4, tween4)
		task.wait(0.014)

		if afterframe() then
			return
		end

		--11, 0.1666666716337204
		tween1 = ts:Create(part1, TweenInfo.new(0.01666666567325592, Enum.EasingStyle.Linear, Enum.EasingDirection.In, 0, false, 0), {C0 = CFrame.new(0.0277747773, 0.098474741, 0.83177948, -0.999386847, 0.0334783196, -0.0102644572, -0.0312465597, -0.984926224, -0.170129538, -0.0158053823, -0.169704467, 0.985368311)}) tween1:Play() tablesorting(part1, tween1)
		tween5 = ts:Create(part5, TweenInfo.new(0.01666666567325592, Enum.EasingStyle.Linear, Enum.EasingDirection.In, 0, false, 0), {C0 = CFrame.new(-1.01563287, -0.876808643, -0.337153316, 0.223461956, 0.333011299, -0.916061282, 0.622596741, 0.674351096, 0.397018433, 0.749958634, -0.659055412, -0.0566399731)}) tween5:Play() tablesorting(part5, tween5)
		tween2 = ts:Create(part2, TweenInfo.new(0.01666666567325592, Enum.EasingStyle.Linear, Enum.EasingDirection.In, 0, false, 0), {C0 = CFrame.new(1.19385719, 0.28136161, 0.0384105965, 0.763417065, -0.634274006, -0.122028403, 0.433614343, 0.363248795, 0.824638605, -0.478720099, -0.682456553, 0.552340865)}) tween2:Play() tablesorting(part2, tween2)
		tween6 = ts:Create(part6, TweenInfo.new(0.01666666567325592, Enum.EasingStyle.Linear, Enum.EasingDirection.In, 0, false, 0), {C0 = CFrame.new(0.00485329702, 0.977819026, 0.00149260915, -0.984908521, -0.164026126, -0.0552321821, 0.0136277629, -0.391625851, 0.92002368, -0.17253831, 0.905386508, 0.387950957)}) tween6:Play() tablesorting(part6, tween6)
		tween3 = ts:Create(part3, TweenInfo.new(0.01666666567325592, Enum.EasingStyle.Linear, Enum.EasingDirection.In, 0, false, 0), {C0 = CFrame.new(-1.45069432, 0.367212921, 0.0625228435, 0.526670575, 0.802737117, -0.279698938, 0.113144308, 0.259906232, 0.958982289, 0.842506051, -0.536714017, 0.0460598841)}) tween3:Play() tablesorting(part3, tween3)
		tween4 = ts:Create(part4, TweenInfo.new(0.01666666567325592, Enum.EasingStyle.Linear, Enum.EasingDirection.In, 0, false, 0), {C0 = CFrame.new(0.861186564, -1.11437821, -0.392894208, 0.265686303, -0.292980641, 0.918462574, -0.779166639, 0.495778292, 0.383540124, -0.567723691, -0.817536712, -0.0965592116)}) tween4:Play() tablesorting(part4, tween4)
		task.wait(0.014)

		if afterframe() then
			return
		end

		--12, 0.18333333730697632
		tween1 = ts:Create(part1, TweenInfo.new(0.01666666567325592, Enum.EasingStyle.Linear, Enum.EasingDirection.In, 0, false, 0), {C0 = CFrame.new(0.0277740285, 0.101242542, 0.831620216, -0.999386847, 0.0334775522, -0.010265369, -0.0312486533, -0.98495847, -0.169942081, -0.0158002079, -0.16951707, 0.985400617)}) tween1:Play() tablesorting(part1, tween1)
		tween5 = ts:Create(part5, TweenInfo.new(0.01666666567325592, Enum.EasingStyle.Linear, Enum.EasingDirection.In, 0, false, 0), {C0 = CFrame.new(-1.01562488, -0.8767941, -0.337209165, 0.22357817, 0.3329615, -0.916051149, 0.622969627, 0.67400068, 0.397028655, 0.749614298, -0.659439087, -0.0567331016)}) tween5:Play() tablesorting(part5, tween5)
		tween2 = ts:Create(part2, TweenInfo.new(0.01666666567325592, Enum.EasingStyle.Linear, Enum.EasingDirection.In, 0, false, 0), {C0 = CFrame.new(1.19274187, 0.281338096, 0.0383542851, 0.763848484, -0.633521557, -0.123231918, 0.434219629, 0.363196194, 0.824343264, -0.477481842, -0.683183074, 0.552514493)}) tween2:Play() tablesorting(part2, tween2)
		tween6 = ts:Create(part6, TweenInfo.new(0.01666666567325592, Enum.EasingStyle.Linear, Enum.EasingDirection.In, 0, false, 0), {C0 = CFrame.new(0.00485333242, 0.977819204, 0.00149286469, -0.984729767, -0.164843962, -0.0559808575, 0.0133651551, -0.392197132, 0.919784069, -0.173576474, 0.904990554, 0.388411313)}) tween6:Play() tablesorting(part6, tween6)
		tween3 = ts:Create(part3, TweenInfo.new(0.01666666567325592, Enum.EasingStyle.Linear, Enum.EasingDirection.In, 0, false, 0), {C0 = CFrame.new(-1.4495126, 0.367367417, 0.0614067204, 0.52667594, 0.802651763, -0.27993384, 0.113313615, 0.260079294, 0.958915412, 0.842479944, -0.536757886, 0.046026133)}) tween3:Play() tablesorting(part3, tween3)
		tween4 = ts:Create(part4, TweenInfo.new(0.01666666567325592, Enum.EasingStyle.Linear, Enum.EasingDirection.In, 0, false, 0), {C0 = CFrame.new(0.860516727, -1.1159457, -0.396872401, 0.265538752, -0.293432385, 0.918360949, -0.779467702, 0.495244771, 0.383617818, -0.567379415, -0.817698061, -0.0972143486)}) tween4:Play() tablesorting(part4, tween4)
		task.wait(0.014)

		if afterframe() then
			return
		end

		--13, 0.20000000298023224
		tween1 = ts:Create(part1, TweenInfo.new(0.01666666567325592, Enum.EasingStyle.Linear, Enum.EasingDirection.In, 0, false, 0), {C0 = CFrame.new(0.0277732927, 0.103940248, 0.831466436, -0.999386847, 0.0334768035, -0.0102662621, -0.0312508158, -0.984991252, -0.169751704, -0.0157949235, -0.169326782, 0.9854334)}) tween1:Play() tablesorting(part1, tween1)
		tween5 = ts:Create(part5, TweenInfo.new(0.01666666567325592, Enum.EasingStyle.Linear, Enum.EasingDirection.In, 0, false, 0), {C0 = CFrame.new(-1.01561713, -0.876779377, -0.337262928, 0.22369349, 0.332910329, -0.916041553, 0.623329699, 0.673661828, 0.397038519, 0.749280512, -0.659810901, -0.0568191744)}) tween5:Play() tablesorting(part5, tween5)
		tween2 = ts:Create(part2, TweenInfo.new(0.01666666567325592, Enum.EasingStyle.Linear, Enum.EasingDirection.In, 0, false, 0), {C0 = CFrame.new(1.19165266, 0.281315625, 0.038297534, 0.764286339, -0.632757723, -0.124435283, 0.434833616, 0.363170266, 0.824030995, -0.476220757, -0.68390429, 0.552710533)}) tween2:Play() tablesorting(part2, tween2)
		tween6 = ts:Create(part6, TweenInfo.new(0.01666666567325592, Enum.EasingStyle.Linear, Enum.EasingDirection.In, 0, false, 0), {C0 = CFrame.new(0.00485331379, 0.977819204, 0.00149252568, -0.984549999, -0.165655524, -0.056740988, 0.0130893206, -0.392760694, 0.919547617, -0.174613804, 0.904597938, 0.388860941)}) tween6:Play() tablesorting(part6, tween6)
		tween3 = ts:Create(part3, TweenInfo.new(0.01666666567325592, Enum.EasingStyle.Linear, Enum.EasingDirection.In, 0, false, 0), {C0 = CFrame.new(-1.4483577, 0.36751765, 0.0603151768, 0.5266819, 0.802568495, -0.280160725, 0.113477476, 0.260246456, 0.958850741, 0.842454195, -0.536801159, 0.0459936708)}) tween3:Play() tablesorting(part3, tween3)
		tween4 = ts:Create(part4, TweenInfo.new(0.01666666567325592, Enum.EasingStyle.Linear, Enum.EasingDirection.In, 0, false, 0), {C0 = CFrame.new(0.859849095, -1.11759305, -0.401095659, 0.265399903, -0.293881357, 0.918257535, -0.779779196, 0.49469161, 0.383698314, -0.567016065, -0.81787169, -0.0978714302)}) tween4:Play() tablesorting(part4, tween4)
		task.wait(0.014)

		if afterframe() then
			return
		end

		--14, 0.21666666865348816
		tween1 = ts:Create(part1, TweenInfo.new(0.01666666567325592, Enum.EasingStyle.Linear, Enum.EasingDirection.In, 0, false, 0), {C0 = CFrame.new(0.0277725756, 0.106566906, 0.831318378, -0.999386787, 0.0334760733, -0.010267131, -0.0312530398, -0.985024512, -0.1695586, -0.0157895293, -0.169133767, 0.985466599)}) tween1:Play() tablesorting(part1, tween1)
		tween5 = ts:Create(part5, TweenInfo.new(0.01666666567325592, Enum.EasingStyle.Linear, Enum.EasingDirection.In, 0, false, 0), {C0 = CFrame.new(-1.01560962, -0.876765966, -0.337312192, 0.223807335, 0.332858652, -0.916032493, 0.623676717, 0.673335254, 0.397047788, 0.748957753, -0.660170436, -0.0568987876)}) tween5:Play() tablesorting(part5, tween5)
		tween2 = ts:Create(part2, TweenInfo.new(0.01666666567325592, Enum.EasingStyle.Linear, Enum.EasingDirection.In, 0, false, 0), {C0 = CFrame.new(1.19059086, 0.28129518, 0.0382417068, 0.764730811, -0.631982327, -0.125638917, 0.435456395, 0.363171548, 0.823701501, -0.474936217, -0.684620142, 0.552929401)}) tween2:Play() tablesorting(part2, tween2)
		tween6 = ts:Create(part6, TweenInfo.new(0.01666666567325592, Enum.EasingStyle.Linear, Enum.EasingDirection.In, 0, false, 0), {C0 = CFrame.new(0.00485331193, 0.977819443, 0.00149266515, -0.984369397, -0.166460633, -0.0575125739, 0.0127996802, -0.393316537, 0.919313908, -0.175650284, 0.904208601, 0.389299601)}) tween6:Play() tablesorting(part6, tween6)
		tween3 = ts:Create(part3, TweenInfo.new(0.01666666567325592, Enum.EasingStyle.Linear, Enum.EasingDirection.In, 0, false, 0), {C0 = CFrame.new(-1.44723046, 0.367664456, 0.0592502467, 0.526688039, 0.802488089, -0.280379921, 0.113635883, 0.260407656, 0.958788157, 0.842428982, -0.536843359, 0.0459622741)}) tween3:Play() tablesorting(part3, tween3)
		tween4 = ts:Create(part4, TweenInfo.new(0.01666666567325592, Enum.EasingStyle.Linear, Enum.EasingDirection.In, 0, false, 0), {C0 = CFrame.new(0.859180629, -1.11931539, -0.405563951, 0.265267521, -0.294329375, 0.918152273, -0.780099392, 0.494122237, 0.383781224, -0.566637576, -0.818054736, -0.0985315889)}) tween4:Play() tablesorting(part4, tween4)
		task.wait(0.014)

		if afterframe() then
			return
		end

		--15, 0.23333333432674408
		tween1 = ts:Create(part1, TweenInfo.new(0.01666666567325592, Enum.EasingStyle.Linear, Enum.EasingDirection.In, 0, false, 0), {C0 = CFrame.new(0.0277718809, 0.109120607, 0.831176043, -0.999386787, 0.0334753655, -0.0102679813, -0.0312553346, -0.985058188, -0.169362307, -0.0157840233, -0.168937519, 0.985500455)}) tween1:Play() tablesorting(part1, tween1)
		tween5 = ts:Create(part5, TweenInfo.new(0.01666666567325592, Enum.EasingStyle.Linear, Enum.EasingDirection.In, 0, false, 0), {C0 = CFrame.new(-1.01560259, -0.876752973, -0.337357819, 0.223919347, 0.33280614, -0.916024208, 0.624009788, 0.673021317, 0.397056699, 0.748646677, -0.660516798, -0.0569717996)}) tween5:Play() tablesorting(part5, tween5)
		tween2 = ts:Create(part2, TweenInfo.new(0.01666666567325592, Enum.EasingStyle.Linear, Enum.EasingDirection.In, 0, false, 0), {C0 = CFrame.new(1.18955743, 0.28127566, 0.0381874554, 0.765182197, -0.631195009, -0.126842424, 0.436088085, 0.363200665, 0.823354363, -0.473627925, -0.685330749, 0.553171456)}) tween2:Play() tablesorting(part2, tween2)
		tween6 = ts:Create(part6, TweenInfo.new(0.01666666567325592, Enum.EasingStyle.Linear, Enum.EasingDirection.In, 0, false, 0), {C0 = CFrame.new(0.00485331006, 0.977819085, 0.00149298552, -0.98418802, -0.167259082, -0.0582957156, 0.0124964137, -0.393865168, 0.919083357, -0.176685646, 0.903822303, 0.389727503)}) tween6:Play() tablesorting(part6, tween6)
		tween3 = ts:Create(part3, TweenInfo.new(0.01666666567325592, Enum.EasingStyle.Linear, Enum.EasingDirection.In, 0, false, 0), {C0 = CFrame.new(-1.44613194, 0.367807209, 0.0582132116, 0.526694715, 0.802409589, -0.280591369, 0.11378888, 0.260563344, 0.958727658, 0.842404246, -0.536885083, 0.0459321551)}) tween3:Play() tablesorting(part3, tween3)
		tween4 = ts:Create(part4, TweenInfo.new(0.01666666567325592, Enum.EasingStyle.Linear, Enum.EasingDirection.In, 0, false, 0), {C0 = CFrame.new(0.858507514, -1.12110209, -0.410268515, 0.265139639, -0.294778675, 0.918044984, -0.780424058, 0.493542671, 0.383867115, -0.566250145, -0.818242729, -0.0991946608)}) tween4:Play() tablesorting(part4, tween4)
		task.wait(0.014)

		if afterframe() then
			return
		end

		--16, 0.25
		tween1 = ts:Create(part1, TweenInfo.new(0.016666680574417114, Enum.EasingStyle.Linear, Enum.EasingDirection.In, 0, false, 0), {C0 = CFrame.new(0.0277712047, 0.111599922, 0.831039429, -0.999386907, 0.0334746651, -0.0102688046, -0.0312577002, -0.985092282, -0.169163212, -0.0157784037, -0.168738499, 0.985534549)}) tween1:Play() tablesorting(part1, tween1)
		tween5 = ts:Create(part5, TweenInfo.new(0.016666680574417114, Enum.EasingStyle.Linear, Enum.EasingDirection.In, 0, false, 0), {C0 = CFrame.new(-1.01559556, -0.876740277, -0.337399811, 0.224029541, 0.33275339, -0.916016459, 0.624328375, 0.672720909, 0.397065103, 0.748348117, -0.660849392, -0.0570380762)}) tween5:Play() tablesorting(part5, tween5)
		tween2 = ts:Create(part2, TweenInfo.new(0.016666680574417114, Enum.EasingStyle.Linear, Enum.EasingDirection.In, 0, false, 0), {C0 = CFrame.new(1.18855369, 0.281258345, 0.0381335206, 0.765639901, -0.630396545, -0.128045559, 0.436728239, 0.363257557, 0.822989821, -0.472296476, -0.686035156, 0.553436577)}) tween2:Play() tablesorting(part2, tween2)
		tween6 = ts:Create(part6, TweenInfo.new(0.016666680574417114, Enum.EasingStyle.Linear, Enum.EasingDirection.In, 0, false, 0), {C0 = CFrame.new(0.00485331565, 0.977819324, 0.00149259227, -0.984005809, -0.168050691, -0.0590905398, 0.0121793263, -0.394405782, 0.918855727, -0.17772004, 0.903439522, 0.390144259)}) tween6:Play() tablesorting(part6, tween6)
		tween3 = ts:Create(part3, TweenInfo.new(0.016666680574417114, Enum.EasingStyle.Linear, Enum.EasingDirection.In, 0, false, 0), {C0 = CFrame.new(-1.44506383, 0.367946416, 0.0572038442, 0.52670151, 0.802334011, -0.280794948, 0.11393632, 0.26071316, 0.958669543, 0.842380047, -0.536925316, 0.0459029637)}) tween3:Play() tablesorting(part3, tween3)
		tween4 = ts:Create(part4, TweenInfo.new(0.016666680574417114, Enum.EasingStyle.Linear, Enum.EasingDirection.In, 0, false, 0), {C0 = CFrame.new(0.857827246, -1.12294948, -0.41521582, 0.2650159, -0.295230329, 0.91793561, -0.780752003, 0.492954433, 0.383955806, -0.565855801, -0.818434536, -0.0998609141)}) tween4:Play() tablesorting(part4, tween4)
		task.wait(0.014)

		if afterframe() then
			return
		end

		--17, 0.2666666805744171
		tween1 = ts:Create(part1, TweenInfo.new(0.016666650772094727, Enum.EasingStyle.Linear, Enum.EasingDirection.In, 0, false, 0), {C0 = CFrame.new(0.0277705416, 0.114003658, 0.830909014, -0.999386907, 0.0334739946, -0.0102696083, -0.031260144, -0.985126913, -0.168961227, -0.0157726724, -0.168536589, 0.985569239)}) tween1:Play() tablesorting(part1, tween1)
		tween5 = ts:Create(part5, TweenInfo.new(0.016666650772094727, Enum.EasingStyle.Linear, Enum.EasingDirection.In, 0, false, 0), {C0 = CFrame.new(-1.01558912, -0.876728117, -0.337438196, 0.224137872, 0.332700551, -0.916009128, 0.624632359, 0.672433734, 0.397073269, 0.748061895, -0.661168158, -0.0570976473)}) tween5:Play() tablesorting(part5, tween5)
		tween2 = ts:Create(part2, TweenInfo.new(0.016666650772094727, Enum.EasingStyle.Linear, Enum.EasingDirection.In, 0, false, 0), {C0 = CFrame.new(1.18758023, 0.28124249, 0.038080357, 0.76610446, -0.629586399, -0.129248306, 0.437377036, 0.36334312, 0.822607517, -0.470940858, -0.686733484, 0.553725481)}) tween2:Play() tablesorting(part2, tween2)
		tween6 = ts:Create(part6, TweenInfo.new(0.016666650772094727, Enum.EasingStyle.Linear, Enum.EasingDirection.In, 0, false, 0), {C0 = CFrame.new(0.00485333242, 0.977819264, 0.00149231986, -0.983822644, -0.168835297, -0.0598969869, 0.0118479989, -0.394937813, 0.918631494, -0.178753033, 0.903060794, 0.390549183)}) tween6:Play() tablesorting(part6, tween6)
		tween3 = ts:Create(part3, TweenInfo.new(0.016666650772094727, Enum.EasingStyle.Linear, Enum.EasingDirection.In, 0, false, 0), {C0 = CFrame.new(-1.44402647, 0.368081301, 0.0562234595, 0.526708722, 0.802260756, -0.280991107, 0.114078335, 0.260857463, 0.958613396, 0.842356324, -0.536964774, 0.0458753258)}) tween3:Play() tablesorting(part3, tween3)
