function animation(character)
	local ts = game:GetService("TweenService")
	local canceldb = false
	local root = character:FindFirstChild("HumanoidRootPart", true)
	local part1 = character["HumanoidRootPart"]["RootJoint"]	
	local part2 = character["Torso"]["Right Shoulder"]
	local part3 = character["Torso"]["Left Shoulder"]
	local part4 = character["Torso"]["Right Hip"]
	local part5 = character["Torso"]["Left Hip"]
	local part6 = character["Torso"]["Neck"]
	local val = 2 --Action
	local tweens = {}
	local function tablesorting(part, tween)
		for i, v in pairs(tweens) do
			if v.Instance == part then
				table.remove(tweens, table.find(tweens, v))
			end
		end
		table.insert(tweens, tween)
	end
	local function afterframe()
		return false
	end
	if true then
		--1, 0
		tween1 = ts:Create(part1, TweenInfo.new(0.01666666753590107, Enum.EasingStyle.Linear, Enum.EasingDirection.In, 0, false, 0), {C0 = CFrame.new(0.000278795022, -0.00292873383, 0.00588963553, -1, 0.000111135232, -2.09754289e-05, -2.18085788e-05, -0.00750202732, 0.999971867, 0.000110974746, 0.999971867, 0.00750202965)}) tween1:Play() tablesorting(part1, tween1)
		tween5 = ts:Create(part5, TweenInfo.new(0.01666666753590107, Enum.EasingStyle.Linear, Enum.EasingDirection.In, 0, false, 0), {C0 = CFrame.new(-1.07570326, -0.955734313, -0.0937375352, 0.346239418, 0.0602416731, -0.936210096, 0.0724468306, 0.993239284, 0.0907043591, 0.935344696, -0.0992308706, 0.339534223)}) tween5:Play() tablesorting(part5, tween5)
		tween2 = ts:Create(part2, TweenInfo.new(0.01666666753590107, Enum.EasingStyle.Linear, Enum.EasingDirection.In, 0, false, 0), {C0 = CFrame.new(0.997804105, 0.497085124, -0.00188152678, 0.444932193, -0.138352022, 0.88481313, 0.114051729, 0.988704026, 0.0972452611, -0.888272285, 0.0576468743, 0.455685526)}) tween2:Play() tablesorting(part2, tween2)
		tween3 = ts:Create(part3, TweenInfo.new(0.01666666753590107, Enum.EasingStyle.Linear, Enum.EasingDirection.In, 0, false, 0), {C0 = CFrame.new(-0.99434936, 0.497689545, -0.00335374218, 0.274029821, 0.1880496, -0.943157017, -0.0666064098, 0.982053041, 0.176452354, 0.959411919, 0.0144670783, 0.281637102)}) tween3:Play() tablesorting(part3, tween3)
		tween6 = ts:Create(part6, TweenInfo.new(0.01666666753590107, Enum.EasingStyle.Linear, Enum.EasingDirection.In, 0, false, 0), {C0 = CFrame.new(-8.89167495e-08, 1.01666224, 3.45841045e-09, -0.999159396, -0.0390499644, 0.0124787344, 0.00521159777, 0.180932224, 0.983481765, -0.0406627208, 0.982720077, -0.180576608)}) tween6:Play() tablesorting(part6, tween6)
		tween4 = ts:Create(part4, TweenInfo.new(0.01666666753590107, Enum.EasingStyle.Linear, Enum.EasingDirection.In, 0, false, 0), {C0 = CFrame.new(1.06977057, -0.960970819, -0.124309413, 0.3582201, -0.0308700167, 0.933126807, -0.150669903, 0.984441459, 0.0904085562, -0.921399474, -0.172980204, 0.34799552)}) tween4:Play() tablesorting(part4, tween4)
		task.wait(0.014)

		if afterframe() then
			return
		end

		--2, 0.01666666753590107
		tween1 = ts:Create(part1, TweenInfo.new(0.01666666753590107, Enum.EasingStyle.Linear, Enum.EasingDirection.In, 0, false, 0), {C0 = CFrame.new(0.00108597148, -0.0112609863, 0.000447043218, -1, 0.000431200315, -8.32987498e-05, -8.41042274e-05, -0.00186829269, 0.999998271, 0.000431044027, 0.999998152, 0.00186832889)}) tween1:Play() tablesorting(part1, tween1)
		tween5 = ts:Create(part5, TweenInfo.new(0.01666666753590107, Enum.EasingStyle.Linear, Enum.EasingDirection.In, 0, false, 0), {C0 = CFrame.new(-1.07264507, -0.956776857, -0.0957589597, 0.345762312, 0.0625802428, -0.936232984, 0.062559031, 0.994016111, 0.0895464122, 0.936234355, -0.0895316452, 0.339778274)}) tween5:Play() tablesorting(part5, tween5)
		tween2 = ts:Create(part2, TweenInfo.new(0.01666666753590107, Enum.EasingStyle.Linear, Enum.EasingDirection.In, 0, false, 0), {C0 = CFrame.new(1.00301468, 0.483283848, -0.00460323365, 0.432773143, -0.145672709, 0.88965559, 0.132983059, 0.986377895, 0.0968203247, -0.891640604, 0.0764078423, 0.446249902)}) tween2:Play() tablesorting(part2, tween2)
		tween3 = ts:Create(part3, TweenInfo.new(0.01666666753590107, Enum.EasingStyle.Linear, Enum.EasingDirection.In, 0, false, 0), {C0 = CFrame.new(-0.99546206, 0.487594783, -0.00889679976, 0.260427058, 0.192580029, -0.946092367, -0.0887421668, 0.980531931, 0.175162435, 0.961406589, 0.038341254, 0.27244699)}) tween3:Play() tablesorting(part3, tween3)
		tween6 = ts:Create(part6, TweenInfo.new(0.01666666753590107, Enum.EasingStyle.Linear, Enum.EasingDirection.In, 0, false, 0), {C0 = CFrame.new(-8.89998546e-08, 1.01666164, 7.46467776e-10, -0.999146044, -0.0390029624, 0.0136450138, 0.00616844511, 0.185733244, 0.9825809, -0.0408578888, 0.981825829, -0.185334012)}) tween6:Play() tablesorting(part6, tween6)
		tween4 = ts:Create(part4, TweenInfo.new(0.01666666753590107, Enum.EasingStyle.Linear, Enum.EasingDirection.In, 0, false, 0), {C0 = CFrame.new(1.07510698, -0.955502689, -0.146716371, 0.35889712, -0.0280496068, 0.932955682, -0.159001961, 0.98310107, 0.0907233655, -0.919734418, -0.180902064, 0.348372102)}) tween4:Play() tablesorting(part4, tween4)
		task.wait(0.014)

		if afterframe() then
			return
		end

		--3, 0.03333333507180214
		tween1 = ts:Create(part1, TweenInfo.new(0.01666666567325592, Enum.EasingStyle.Linear, Enum.EasingDirection.In, 0, false, 0), {C0 = CFrame.new(0.00237656641, -0.0245370865, -0.00819429755, -0.999999523, 0.000938678975, -0.000186982434, -0.000180334464, 0.00707736611, 0.999974966, 0.000939978694, 0.999974608, -0.00707719289)}) tween1:Play() tablesorting(part1, tween1)
		tween5 = ts:Create(part5, TweenInfo.new(0.01666666567325592, Enum.EasingStyle.Linear, Enum.EasingDirection.In, 0, false, 0), {C0 = CFrame.new(-1.06779158, -0.958422303, -0.0990069136, 0.344971597, 0.0663396418, -0.936265886, 0.0467454083, 0.995047092, 0.0877282321, 0.937448442, -0.0740299076, 0.340161949)}) tween5:Play() tablesorting(part5, tween5)
		tween2 = ts:Create(part2, TweenInfo.new(0.01666666567325592, Enum.EasingStyle.Linear, Enum.EasingDirection.In, 0, false, 0), {C0 = CFrame.new(1.01141548, 0.461351991, -0.00890015718, 0.412679821, -0.156944692, 0.897253513, 0.163421452, 0.981818259, 0.0965728983, -0.896096408, 0.106776774, 0.430824816)}) tween2:Play() tablesorting(part2, tween2)
		tween3 = ts:Create(part3, TweenInfo.new(0.01666666567325592, Enum.EasingStyle.Linear, Enum.EasingDirection.In, 0, false, 0), {C0 = CFrame.new(-0.997450411, 0.47153461, -0.017671477, 0.238092333, 0.199166298, -0.950602412, -0.124264762, 0.97695148, 0.17356278, 0.963260293, 0.0768024102, 0.257354021)}) tween3:Play() tablesorting(part3, tween3)
		tween6 = ts:Create(part6, TweenInfo.new(0.01666666567325592, Enum.EasingStyle.Linear, Enum.EasingDirection.In, 0, false, 0), {C0 = CFrame.new(-8.87566785e-08, 1.01666212, -3.26508598e-10, -0.999123633, -0.0388814174, 0.0155001134, 0.0076953047, 0.193370402, 0.981095672, -0.041143544, 0.980355203, -0.192901686)}) tween6:Play() tablesorting(part6, tween6)
		tween4 = ts:Create(part4, TweenInfo.new(0.01666666567325592, Enum.EasingStyle.Linear, Enum.EasingDirection.In, 0, false, 0), {C0 = CFrame.new(1.08239985, -0.94649595, -0.179103851, 0.359912395, -0.0241867043, 0.93267256, -0.170546547, 0.981114864, 0.0912557766, -0.917265952, -0.191908166, 0.34899044)}) tween4:Play() tablesorting(part4, tween4)
		task.wait(0.014)

		if afterframe() then
			return
		end

		--4, 0.05000000074505806
		tween1 = ts:Create(part1, TweenInfo.new(0.01666666939854622, Enum.EasingStyle.Linear, Enum.EasingDirection.In, 0, false, 0), {C0 = CFrame.new(0.00410456536, -0.0422804356, -0.0196832307, -0.999998629, 0.00161202601, -0.000333405187, -0.000302761822, 0.0189722478, 0.999819994, 0.00161806121, 0.999818683, -0.0189717337)}) tween1:Play() tablesorting(part1, tween1)
		tween5 = ts:Create(part5, TweenInfo.new(0.01666666939854622, Enum.EasingStyle.Linear, Enum.EasingDirection.In, 0, false, 0), {C0 = CFrame.new(-1.06134093, -0.960600734, -0.103385456, 0.343852669, 0.0714250728, -0.936303377, 0.0254966021, 0.996025264, 0.0853443891, 0.93867749, -0.0532184727, 0.340664804)}) tween5:Play() tablesorting(part5, tween5)
		tween2 = ts:Create(part2, TweenInfo.new(0.01666666939854622, Enum.EasingStyle.Linear, Enum.EasingDirection.In, 0, false, 0), {C0 = CFrame.new(1.02278316, 0.432148188, -0.0145720365, 0.384534925, -0.171151087, 0.907105505, 0.204468817, 0.974044859, 0.0971037745, -0.900180876, 0.148134962, 0.409549296)}) tween2:Play() tablesorting(part2, tween2)
		tween3 = ts:Create(part3, TweenInfo.new(0.01666666939854622, Enum.EasingStyle.Linear, Enum.EasingDirection.In, 0, false, 0), {C0 = CFrame.new(-1.00043643, 0.450112611, -0.0292941239, 0.207103178, 0.206663206, -0.956241965, -0.172094822, 0.969887793, 0.172339797, 0.963063657, 0.128872231, 0.236432463)}) tween3:Play() tablesorting(part3, tween3)
		tween6 = ts:Create(part6, TweenInfo.new(0.01666666939854622, Enum.EasingStyle.Linear, Enum.EasingDirection.In, 0, false, 0), {C0 = CFrame.new(-8.79517756e-08, 1.01666212, 5.33736966e-09, -0.999091625, -0.0386383533, 0.0179716367, 0.00973853376, 0.203549102, 0.979016304, -0.0414856859, 0.978302121, -0.202987894)}) tween6:Play() tablesorting(part6, tween6)
		tween4 = ts:Create(part4, TweenInfo.new(0.01666666939854622, Enum.EasingStyle.Linear, Enum.EasingDirection.In, 0, false, 0), {C0 = CFrame.new(1.09040177, -0.933942258, -0.217589155, 0.361204356, -0.0199315138, 0.932273686, -0.183519498, 0.978698909, 0.0920276344, -0.91424942, -0.204331145, 0.349852473)}) tween4:Play() tablesorting(part4, tween4)
		task.wait(0.014)

		if afterframe() then
			return
		end

		--5, 0.06666667014360428
		tween1 = ts:Create(part1, TweenInfo.new(0.01666666567325592, Enum.EasingStyle.Linear, Enum.EasingDirection.In, 0, false, 0), {C0 = CFrame.new(0.00622345321, -0.0640220642, -0.0336668268, -0.99999702, 0.00242941827, -0.000524554285, -0.000442994351, 0.0334515162, 0.999440253, 0.00244560558, 0.999437392, -0.0334503353)}) tween1:Play() tablesorting(part1, tween1)
		tween5 = ts:Create(part5, TweenInfo.new(0.01666666567325592, Enum.EasingStyle.Linear, Enum.EasingDirection.In, 0, false, 0), {C0 = CFrame.new(-1.11797893, -0.958050489, -0.286986887, 0.348404855, 0.0433896072, -0.936339438, 0.0981884599, 0.991743028, 0.0824921876, 0.932187319, -0.120678402, 0.341267645)}) tween5:Play() tablesorting(part5, tween5)
		tween2 = ts:Create(part2, TweenInfo.new(0.01666666567325592, Enum.EasingStyle.Linear, Enum.EasingDirection.In, 0, false, 0), {C0 = CFrame.new(1.0369029, 0.396520942, -0.0214203261, 0.348132223, -0.187047571, 0.918595254, 0.255102754, 0.961815119, 0.0991685539, -0.9020679, 0.199812382, 0.382555246)}) tween2:Play() tablesorting(part2, tween2)
		tween3 = ts:Create(part3, TweenInfo.new(0.01666666567325592, Enum.EasingStyle.Linear, Enum.EasingDirection.In, 0, false, 0), {C0 = CFrame.new(-1.0045526, 0.423920929, -0.0433864892, 0.167538241, 0.213641137, -0.962438881, -0.230964229, 0.957574546, 0.172355637, 0.958429217, 0.193412781, 0.209773734)}) tween3:Play() tablesorting(part3, tween3)
		tween6 = ts:Create(part6, TweenInfo.new(0.01666666567325592, Enum.EasingStyle.Linear, Enum.EasingDirection.In, 0, false, 0), {C0 = CFrame.new(-8.88830982e-08, 1.01666224, -1.21681296e-08, -0.999049008, -0.0382218361, 0.0209845919, 0.0122445943, 0.215970442, 0.976323187, -0.0418490209, 0.975651503, -0.215297043)}) tween6:Play() tablesorting(part6, tween6)
		tween4 = ts:Create(part4, TweenInfo.new(0.01666666567325592, Enum.EasingStyle.Linear, Enum.EasingDirection.In, 0, false, 0), {C0 = CFrame.new(1.09814966, -0.917877018, -0.259050637, 0.362753451, -0.015784977, 0.93175149, -0.196578145, 0.976061165, 0.093068257, -0.910915434, -0.216922805, 0.350966603)}) tween4:Play() tablesorting(part4, tween4)
		task.wait(0.014)

		if afterframe() then
			return
		end

		--6, 0.0833333358168602
		tween1 = ts:Create(part1, TweenInfo.new(0.01666666567325592, Enum.EasingStyle.Linear, Enum.EasingDirection.In, 0, false, 0), {C0 = CFrame.new(0.00868670456, -0.0892949104, -0.0497889146, -0.99999404, 0.00336875743, -0.000762428506, -0.000592541532, 0.0501464121, 0.998741686, 0.0034027514, 0.998736203, -0.0501441173)}) tween1:Play() tablesorting(part1, tween1)
		tween5 = ts:Create(part5, TweenInfo.new(0.01666666567325592, Enum.EasingStyle.Linear, Enum.EasingDirection.In, 0, false, 0), {C0 = CFrame.new(-1.15342498, -0.939121962, -0.419867367, 0.350038707, 0.0262495819, -0.936367393, 0.138018236, 0.987252295, 0.0792709291, 0.926511705, -0.156983718, 0.341953576)}) tween5:Play() tablesorting(part5, tween5)
		tween2 = ts:Create(part2, TweenInfo.new(0.01666666567325592, Enum.EasingStyle.Linear, Enum.EasingDirection.In, 0, false, 0), {C0 = CFrame.new(1.05356812, 0.355316132, -0.0292535182, 0.303314835, -0.20316872, 0.93097949, 0.314046413, 0.943734348, 0.103635155, -0.899652719, 0.260936648, 0.350052983)}) tween2:Play() tablesorting(part2, tween2)
		tween3 = ts:Create(part3, TweenInfo.new(0.01666666567325592, Enum.EasingStyle.Linear, Enum.EasingDirection.In, 0, false, 0), {C0 = CFrame.new(-1.00993979, 0.393545777, -0.0595841408, 0.119651526, 0.218430266, -0.968489468, -0.299208075, 0.938076437, 0.174605384, 0.946656227, 0.268888116, 0.177598357)}) tween3:Play() tablesorting(part3, tween3)
		tween6 = ts:Create(part6, TweenInfo.new(0.01666666567325592, Enum.EasingStyle.Linear, Enum.EasingDirection.In, 0, false, 0), {C0 = CFrame.new(-8.94651748e-08, 1.016662, -1.37606548e-08, -0.998994291, -0.0375792049, 0.0244595241, 0.0151587771, 0.230326459, 0.9729954, -0.0421980657, 0.972387552, -0.229525164)}) tween6:Play() tablesorting(part6, tween6)
		tween4 = ts:Create(part4, TweenInfo.new(0.01666666567325592, Enum.EasingStyle.Linear, Enum.EasingDirection.In, 0, false, 0), {C0 = CFrame.new(1.10500312, -0.898418307, -0.301229119, 0.364573091, -0.0120793404, 0.931096554, -0.208864585, 0.97337693, 0.0944092572, -0.907448173, -0.228892148, 0.352344036)}) tween4:Play() tablesorting(part4, tween4)
		task.wait(0.014)

		if afterframe() then
			return
		end

		--7, 0.10000000149011612
		tween1 = ts:Create(part1, TweenInfo.new(0.01666666567325592, Enum.EasingStyle.Linear, Enum.EasingDirection.In, 0, false, 0), {C0 = CFrame.new(0.0114482166, -0.11762476, -0.0676892698, -0.999989748, 0.00440770993, -0.00104851497, -0.000743310608, 0.0686831996, 0.997638226, 0.00446931552, 0.997628808, -0.068679221)}) tween1:Play() tablesorting(part1, tween1)
		tween5 = ts:Create(part5, TweenInfo.new(0.01666666567325592, Enum.EasingStyle.Linear, Enum.EasingDirection.In, 0, false, 0), {C0 = CFrame.new(-1.17507827, -0.910803556, -0.519742131, 0.350601912, 0.0164582543, -0.936380029, 0.156166032, 0.984819412, 0.0757817626, 0.923412442, -0.172799945, 0.342709243)}) tween5:Play() tablesorting(part5, tween5)
		tween2 = ts:Create(part2, TweenInfo.new(0.01666666567325592, Enum.EasingStyle.Linear, Enum.EasingDirection.In, 0, false, 0), {C0 = CFrame.new(1.07257915, 0.30937615, -0.0378925987, 0.250122666, -0.217854589, 0.943386555, 0.379653573, 0.918394089, 0.111424446, -0.890674889, 0.330290318, 0.312420368)}) tween2:Play() tablesorting(part2, tween2)
		tween3 = ts:Create(part3, TweenInfo.new(0.01666666567325592, Enum.EasingStyle.Linear, Enum.EasingDirection.In, 0, false, 0), {C0 = CFrame.new(-1.01674461, 0.359574348, -0.0775442198, 0.0640488937, 0.219211802, -0.97357291, -0.374593526, 0.909520268, 0.180145755, 0.924974263, 0.353155941, 0.140368968)}) tween3:Play() tablesorting(part3, tween3)
		tween6 = ts:Create(part6, TweenInfo.new(0.01666666567325592, Enum.EasingStyle.Linear, Enum.EasingDirection.In, 0, false, 0), {C0 = CFrame.new(-8.80099833e-08, 1.01666224, 7.27595761e-12, -0.998926759, -0.0366609395, 0.028311396, 0.0184246358, 0.246295691, 0.969019592, -0.042498067, 0.968501151, -0.24535583)}) tween6:Play() tablesorting(part6, tween6)
		tween4 = ts:Create(part4, TweenInfo.new(0.01666666567325592, Enum.EasingStyle.Linear, Enum.EasingDirection.In, 0, false, 0), {C0 = CFrame.new(1.11053061, -0.87583071, -0.342424154, 0.366693109, -0.00903731864, 0.93029815, -0.219827279, 0.970795929, 0.0960793644, -0.903997898, -0.239736468, 0.35399738)}) tween4:Play() tablesorting(part4, tween4)
		task.wait(0.014)

		if afterframe() then
			return
		end

		--8, 0.11666666716337204
		tween1 = ts:Create(part1, TweenInfo.new(0.016666673123836517, Enum.EasingStyle.Linear, Enum.EasingDirection.In, 0, false, 0), {C0 = CFrame.new(0.0144626722, -0.148524761, -0.0870033801, -0.999983788, 0.00552378222, -0.00138334441, -0.000888042443, 0.0886829793, 0.996059537, 0.00562469428, 0.996044695, -0.0886766315)}) tween1:Play() tablesorting(part1, tween1)
		tween5 = ts:Create(part5, TweenInfo.new(0.016666673123836517, Enum.EasingStyle.Linear, Enum.EasingDirection.In, 0, false, 0), {C0 = CFrame.new(-1.18940675, -0.874213457, -0.603178978, 0.350855708, 0.0105870543, -0.936369777, 0.16280058, 0.98401916, 0.0721268654, 0.922169328, -0.177747667, 0.343525112)}) tween5:Play() tablesorting(part5, tween5)
		tween2 = ts:Create(part2, TweenInfo.new(0.016666673123836517, Enum.EasingStyle.Linear, Enum.EasingDirection.In, 0, false, 0), {C0 = CFrame.new(1.09374106, 0.259549081, -0.0471750498, 0.188936874, -0.229320467, 0.954837739, 0.44983381, 0.884542286, 0.123427622, -0.872898936, 0.406198293, 0.270278722)}) tween2:Play() tablesorting(part2, tween2)
		tween3 = ts:Create(part3, TweenInfo.new(0.016666673123836517, Enum.EasingStyle.Linear, Enum.EasingDirection.In, 0, false, 0), {C0 = CFrame.new(-1.02511382, 0.322606206, -0.0969497561, 0.00183576776, 0.21417217, -0.976794243, -0.454234868, 0.870388031, 0.18998763, 0.890880167, 0.443345338, 0.0988821685)}) tween3:Play() tablesorting(part3, tween3)
		tween6 = ts:Create(part6, TweenInfo.new(0.016666673123836517, Enum.EasingStyle.Linear, Enum.EasingDirection.In, 0, false, 0), {C0 = CFrame.new(-8.90577212e-08, 1.016662, -2.08092388e-09, -0.998845518, -0.0354247689, 0.0324489847, 0.0219831467, 0.263542801, 0.964397252, -0.0427150689, 0.963997066, -0.262459874)}) tween6:Play() tablesorting(part6, tween6)
		tween4 = ts:Create(part4, TweenInfo.new(0.016666673123836517, Enum.EasingStyle.Linear, Enum.EasingDirection.In, 0, false, 0), {C0 = CFrame.new(1.11461639, -0.850327909, -0.38182199, 0.369148791, -0.00670833979, 0.929346144, -0.229374021, 0.968382061, 0.0981005505, -0.900620162, -0.249381542, 0.355938315)}) tween4:Play() tablesorting(part4, tween4)
		task.wait(0.014)

		if afterframe() then
			return
		end

		--9, 0.13333334028720856
		tween1 = ts:Create(part1, TweenInfo.new(0.01666666567325592, Enum.EasingStyle.Linear, Enum.EasingDirection.In, 0, false, 0), {C0 = CFrame.new(0.0176858362, -0.181489944, -0.107363194, -0.999976039, 0.00669444213, -0.00176613184, -0.00102068554, 0.109762505, 0.993957341, 0.00684784446, 0.993935287, -0.109753035)}) tween1:Play() tablesorting(part1, tween1)
		tween5 = ts:Create(part5, TweenInfo.new(0.01666666567325592, Enum.EasingStyle.Linear, Enum.EasingDirection.In, 0, false, 0), {C0 = CFrame.new(-1.19818282, -0.830345929, -0.673938751, 0.351040512, 0.00767428242, -0.936328948, 0.16094102, 0.984590411, 0.0684084594, 0.922425449, -0.17470783, 0.344395965)}) tween5:Play() tablesorting(part5, tween5)
		tween2 = ts:Create(part2, TweenInfo.new(0.01666666567325592, Enum.EasingStyle.Linear, Enum.EasingDirection.In, 0, false, 0), {C0 = CFrame.new(1.11685967, 0.206696451, -0.0569568798, 0.120601542, -0.235774815, 0.964295447, 0.522049665, 0.84127903, 0.140405521, -0.84434557, 0.486477047, 0.224545702)}) tween2:Play() tablesorting(part2, tween2)
		tween3 = ts:Create(part3, TweenInfo.new(0.01666666567325592, Enum.EasingStyle.Linear, Enum.EasingDirection.In, 0, false, 0), {C0 = CFrame.new(-1.03518689, 0.283263981, -0.117509544, -0.0653043315, 0.201721802, -0.977263451, -0.534650266, 0.819842935, 0.204955116, 0.842546463, 0.535878718, 0.0543112643)}) tween3:Play() tablesorting(part3, tween3)
		tween6 = ts:Create(part6, TweenInfo.new(0.01666666567325592, Enum.EasingStyle.Linear, Enum.EasingDirection.In, 0, false, 0), {C0 = CFrame.new(-8.96397978e-08, 1.01666164, -3.32584023e-08, -0.998750508, -0.0338386521, 0.0367757678, 0.0257726777, 0.281719953, 0.959150493, -0.0428168401, 0.958899796, -0.280495793)}) tween6:Play() tablesorting(part6, tween6)
		tween4 = ts:Create(part4, TweenInfo.new(0.01666666567325592, Enum.EasingStyle.Linear, Enum.EasingDirection.In, 0, false, 0), {C0 = CFrame.new(1.11709106, -0.822423637, -0.418429166, 0.371965408, -0.00518001057, 0.928232193, -0.237298697, 0.966225863, 0.100483403, -0.897402406, -0.257644624, 0.358173311)}) tween4:Play() tablesorting(part4, tween4)
		task.wait(0.014)

		if afterframe() then
			return
		end

		--10, 0.15000000596046448
		tween1 = ts:Create(part1, TweenInfo.new(0.01666666567325592, Enum.EasingStyle.Linear, Enum.EasingDirection.In, 0, false, 0), {C0 = CFrame.new(0.0210747793, -0.215992928, -0.128398597, -0.999966502, 0.00789728202, -0.00219450495, -0.00113669829, 0.131535903, 0.991310775, 0.00811731815, 0.99127996, -0.131522506)}) tween1:Play() tablesorting(part1, tween1)
		tween5 = ts:Create(part5, TweenInfo.new(0.01666666567325592, Enum.EasingStyle.Linear, Enum.EasingDirection.In, 0, false, 0), {C0 = CFrame.new(-1.20237207, -0.780161738, -0.733656228, 0.351262569, 0.0071772635, -0.936249614, 0.152374476, 0.986201048, 0.0647281483, 0.923794687, -0.165397137, 0.345321774)}) tween5:Play() tablesorting(part5, tween5)
		tween2 = ts:Create(part2, TweenInfo.new(0.01666666567325592, Enum.EasingStyle.Linear, Enum.EasingDirection.In, 0, false, 0), {C0 = CFrame.new(1.1417352, 0.151699901, -0.0671112314, 0.0464907512, -0.235582352, 0.970741868, 0.593408585, 0.78824985, 0.162875056, -0.803557575, 0.568474352, 0.176442832)}) tween2:Play() tablesorting(part2, tween2)
		tween3 = ts:Create(part3, TweenInfo.new(0.01666666567325592, Enum.EasingStyle.Linear, Enum.EasingDirection.In, 0, false, 0), {C0 = CFrame.new(-1.04708683, 0.242206335, -0.138950184, -0.135147125, 0.18074511, -0.974200487, -0.611996531, 0.758019447, 0.225536451, 0.779227495, 0.626687944, 0.00817112904)}) tween3:Play() tablesorting(part3, tween3)
		tween6 = ts:Create(part6, TweenInfo.new(0.01666666567325592, Enum.EasingStyle.Linear, Enum.EasingDirection.In, 0, false, 0), {C0 = CFrame.new(-8.87084752e-08, 1.01666224, -3.43134161e-08, -0.998642445, -0.0318841524, 0.0411911793, 0.0297288373, 0.300469875, 0.953327894, -0.0427728407, 0.953258216, -0.299114138)}) tween6:Play() tablesorting(part6, tween6)
		tween4 = ts:Create(part4, TweenInfo.new(0.01666666567325592, Enum.EasingStyle.Linear, Enum.EasingDirection.In, 0, false, 0), {C0 = CFrame.new(1.1179862, -0.792596579, -0.451829106, 0.375155747, -0.00442674477, 0.926951289, -0.243670955, 0.96434921, 0.103223726, -0.894361615, -0.264596134, 0.360702425)}) tween4:Play() tablesorting(part4, tween4)
		task.wait(0.014)

		if afterframe() then
			return
		end

		--11, 0.1666666716337204
		tween1 = ts:Create(part1, TweenInfo.new(0.01666666567325592, Enum.EasingStyle.Linear, Enum.EasingDirection.In, 0, false, 0), {C0 = CFrame.new(0.0245880205, -0.251479626, -0.149739057, -0.999954939, 0.00911018997, -0.00266432646, -0.00123327645, 0.15361692, 0.988129735, 0.00941133499, 0.988088608, -0.153598741)}) tween1:Play() tablesorting(part1, tween1)
		tween5 = ts:Create(part5, TweenInfo.new(0.01666666567325592, Enum.EasingStyle.Linear, Enum.EasingDirection.In, 0, false, 0), {C0 = CFrame.new(-1.20242226, -0.725154519, -0.782563269, 0.351558268, 0.00884022936, -0.936124325, 0.138065904, 0.988531411, 0.0611853302, 0.92592901, -0.150757119, 0.346305788)}) tween5:Play() tablesorting(part5, tween5)
		tween2 = ts:Create(part2, TweenInfo.new(0.01666666567325592, Enum.EasingStyle.Linear, Enum.EasingDirection.In, 0, false, 0), {C0 = CFrame.new(1.16815615, 0.0954633653, -0.0775234699, -0.0315065645, -0.227451742, 0.973279595, 0.660856962, 0.725798428, 0.191009283, -0.749850214, 0.649216771, 0.127445698)}) tween2:Play() tablesorting(part2, tween2)
		tween3 = ts:Create(part3, TweenInfo.new(0.01666666567325592, Enum.EasingStyle.Linear, Enum.EasingDirection.In, 0, false, 0), {C0 = CFrame.new(-1.06091261, 0.200128973, -0.161002904, -0.205101818, 0.15082258, -0.967050135, -0.68246609, 0.686188757, 0.251763254, 0.701550722, 0.711616099, -0.0378073752)}) tween3:Play() tablesorting(part3, tween3)
		tween6 = ts:Create(part6, TweenInfo.new(0.01666666567325592, Enum.EasingStyle.Linear, Enum.EasingDirection.In, 0, false, 0), {C0 = CFrame.new(-9.10367817e-08, 1.016662, 3.56376404e-08, -0.998522758, -0.0295573808, 0.0455929041, 0.0337851383, 0.319431931, 0.947006762, -0.0425548069, 0.947148204, -0.317961454)}) tween6:Play() tablesorting(part6, tween6)
		tween4 = ts:Create(part4, TweenInfo.new(0.01666666567325592, Enum.EasingStyle.Linear, Enum.EasingDirection.In, 0, false, 0), {C0 = CFrame.new(1.11735594, -0.761482, -0.481656611, 0.378712416, -0.00441577053, 0.92550391, -0.248550832, 0.962768376, 0.106299482, -0.891515195, -0.270291686, 0.363514751)}) tween4:Play() tablesorting(part4, tween4)
		task.wait(0.014)

		if afterframe() then
			return
		end

		--12, 0.18333333730697632
		tween1 = ts:Create(part1, TweenInfo.new(0.01666666567325592, Enum.EasingStyle.Linear, Enum.EasingDirection.In, 0, false, 0), {C0 = CFrame.new(0.0281856079, -0.287371397, -0.171016097, -0.999941826, 0.0103115477, -0.00316961366, -0.00130949344, 0.175621629, 0.984456897, 0.0107079269, 0.984403729, -0.175597906)}) tween1:Play() tablesorting(part1, tween1)
		tween5 = ts:Create(part5, TweenInfo.new(0.01666666567325592, Enum.EasingStyle.Linear, Enum.EasingDirection.In, 0, false, 0), {C0 = CFrame.new(-1.19885731, -0.66674, -0.821243346, 0.351925999, 0.01236514, -0.935946167, 0.119095922, 0.991194427, 0.0578764193, 0.928420246, -0.131835654, 0.347354501)}) tween5:Play() tablesorting(part5, tween5)
		tween2 = ts:Create(part2, TweenInfo.new(0.01666666567325592, Enum.EasingStyle.Linear, Enum.EasingDirection.In, 0, false, 0), {C0 = CFrame.new(1.19589233, 0.0389204919, -0.0880823582, -0.111102283, -0.210611239, 0.971235931, 0.721459389, 0.655029476, 0.224571869, -0.683485687, 0.72565788, 0.0791721493)}) tween2:Play() tablesorting(part2, tween2)
		tween3 = ts:Create(part3, TweenInfo.new(0.01666666567325592, Enum.EasingStyle.Linear, Enum.EasingDirection.In, 0, false, 0), {C0 = CFrame.new(-1.07673311, 0.157769412, -0.183384687, -0.272508442, 0.112356655, -0.955570579, -0.742769897, 0.606722772, 0.283161014, 0.611581504, 0.786933005, -0.0818820819)}) tween3:Play() tablesorting(part3, tween3)
		tween6 = ts:Create(part6, TweenInfo.new(0.01666666567325592, Enum.EasingStyle.Linear, Enum.EasingDirection.In, 0, false, 0), {C0 = CFrame.new(-8.84756446e-08, 1.01666188, -2.43308023e-08, -0.998393774, -0.0268699061, 0.0498794056, 0.037873432, 0.338248551, 0.940294385, -0.0421372168, 0.940673232, -0.336687624)}) tween6:Play() tablesorting(part6, tween6)
		tween4 = ts:Create(part4, TweenInfo.new(0.01666666567325592, Enum.EasingStyle.Linear, Enum.EasingDirection.In, 0, false, 0), {C0 = CFrame.new(1.11538136, -0.729624271, -0.507925212, 0.38260445, -0.00504418975, 0.923898578, -0.252147019, 0.961454511, 0.109668188, -0.888839483, -0.274917871, 0.366584927)}) tween4:Play() tablesorting(part4, tween4)
		task.wait(0.014)

		if afterframe() then
			return
		end

		--13, 0.20000000298023224
		tween1 = ts:Create(part1, TweenInfo.new(0.01666666567325592, Enum.EasingStyle.Linear, Enum.EasingDirection.In, 0, false, 0), {C0 = CFrame.new(0.0318290889, -0.323060513, -0.191865563, -0.999927342, 0.0114804013, -0.00370254903, -0.00136635418, 0.197171375, 0.980368197, 0.0119850561, 0.980301917, -0.197141349)}) tween1:Play() tablesorting(part1, tween1)
		tween5 = ts:Create(part5, TweenInfo.new(0.01666666567325592, Enum.EasingStyle.Linear, Enum.EasingDirection.In, 0, false, 0), {C0 = CFrame.new(-1.19211793, -0.606657565, -0.850137889, 0.352337748, 0.0175063163, -0.935709178, 0.0964013785, 0.99382776, 0.0548932739, 0.930894554, -0.10954465, 0.348475367)}) tween5:Play() tablesorting(part5, tween5)
		tween2 = ts:Create(part2, TweenInfo.new(0.01666666567325592, Enum.EasingStyle.Linear, Enum.EasingDirection.In, 0, false, 0), {C0 = CFrame.new(1.22469056, -0.0169699192, -0.0986683965, -0.189814359, -0.18492502, 0.964247584, 0.772706866, 0.57775557, 0.262911975, -0.605718434, 0.794985056, 0.0332264528)}) tween2:Play() tablesorting(part2, tween2)
		tween3 = ts:Create(part3, TweenInfo.new(0.01666666567325592, Enum.EasingStyle.Linear, Enum.EasingDirection.In, 0, false, 0), {C0 = CFrame.new(-1.0945909, 0.115894794, -0.205780417, -0.33498612, 0.0665470064, -0.939870119, -0.790579021, 0.522833109, 0.318794936, 0.512610137, 0.849833608, -0.122531369)}) tween3:Play() tablesorting(part3, tween3)
		tween6 = ts:Create(part6, TweenInfo.new(0.01666666567325592, Enum.EasingStyle.Linear, Enum.EasingDirection.In, 0, false, 0), {C0 = CFrame.new(-9.35979187e-08, 1.016662, -2.79978849e-08, -0.99825865, -0.02384899, 0.053952843, 0.041924715, 0.356572181, 0.933326721, -0.0414969288, 0.933963418, -0.354951382)}) tween6:Play() tablesorting(part6, tween6)
		tween4 = ts:Create(part4, TweenInfo.new(0.01666666567325592, Enum.EasingStyle.Linear, Enum.EasingDirection.In, 0, false, 0), {C0 = CFrame.new(1.11221075, -0.697801054, -0.530513585, 0.386775047, -0.0062345867, 0.922153115, -0.254567266, 0.960399151, 0.113265246, -0.886341035, -0.278558135, 0.369871289)}) tween4:Play() tablesorting(part4, tween4)
		task.wait(0.014)

		if afterframe() then
			return
		end

		--14, 0.21666666865348816
		tween1 = ts:Create(part1, TweenInfo.new(0.01666666567325592, Enum.EasingStyle.Linear, Enum.EasingDirection.In, 0, false, 0), {C0 = CFrame.new(0.035481438, -0.357913017, -0.211929351, -0.999911726, 0.0125966044, -0.00425357604, -0.00140675763, 0.217894867, 0.975971222, 0.0132207563, 0.975891054, -0.217857853)}) tween1:Play() tablesorting(part1, tween1)
		tween5 = ts:Create(part5, TweenInfo.new(0.01666666567325592, Enum.EasingStyle.Linear, Enum.EasingDirection.In, 0, false, 0), {C0 = CFrame.new(-1.1827029, -0.546776295, -0.869956434, 0.35275346, 0.02399588, -0.935408652, 0.0709828734, 0.996104419, 0.0523213819, 0.933020055, -0.0848545432, 0.349675953)}) tween5:Play() tablesorting(part5, tween5)
		tween2 = ts:Create(part2, TweenInfo.new(0.01666666567325592, Enum.EasingStyle.Linear, Enum.EasingDirection.In, 0, false, 0), {C0 = CFrame.new(1.25427461, -0.0712288618, -0.109143563, -0.265226573, -0.150918707, 0.952301621, 0.812786818, 0.49632296, 0.305026412, -0.518683374, 0.854919434, -0.00897328183)}) tween2:Play() tablesorting(part2, tween2)
		tween3 = ts:Create(part3, TweenInfo.new(0.01666666567325592, Enum.EasingStyle.Linear, Enum.EasingDirection.In, 0, false, 0), {C0 = CFrame.new(-1.11450446, 0.0752885044, -0.227830991, -0.390742779, 0.0152136972, -0.920374274, -0.824793696, 0.438150525, 0.357406765, 0.40869996, 0.898772895, -0.15865609)}) tween3:Play() tablesorting(part3, tween3)
		tween6 = ts:Create(part6, TweenInfo.new(0.01666666567325592, Enum.EasingStyle.Linear, Enum.EasingDirection.In, 0, false, 0), {C0 = CFrame.new(-9.22009349e-08, 1.01666248, 9.37143341e-08, -0.99812156, -0.0205353629, 0.0577216409, 0.0458699763, 0.374071956, 0.926264584, -0.0406132154, 0.927172303, -0.372427285)}) tween6:Play() tablesorting(part6, tween6)
		tween4 = ts:Create(part4, TweenInfo.new(0.01666666567325592, Enum.EasingStyle.Linear, Enum.EasingDirection.In, 0, false, 0), {C0 = CFrame.new(1.10810232, -0.666650891, -0.549629271, 0.391139358, -0.00784795731, 0.9202981, -0.256040841, 0.959558845, 0.117003635, -0.883998334, -0.281398505, 0.373311907)}) tween4:Play() tablesorting(part4, tween4)
		task.wait(0.014)

		if afterframe() then
			return
		end

		--15, 0.23333333432674408
		tween1 = ts:Create(part1, TweenInfo.new(0.01666666567325592, Enum.EasingStyle.Linear, Enum.EasingDirection.In, 0, false, 0), {C0 = CFrame.new(0.0391069055, -0.391271591, -0.230857909, -0.999895394, 0.0136409448, -0.00481159985, -0.0014353724, 0.237430945, 0.97140336, 0.0143932821, 0.971308649, -0.237386525)}) tween1:Play() tablesorting(part1, tween1)
		tween5 = ts:Create(part5, TweenInfo.new(0.01666666567325592, Enum.EasingStyle.Linear, Enum.EasingDirection.In, 0, false, 0), {C0 = CFrame.new(-1.17123806, -0.488740802, -0.881899714, 0.353135556, 0.0314985439, -0.935041785, 0.0440278649, 0.997766256, 0.0502394512, 0.934535563, -0.0589091592, 0.350959867)}) tween5:Play() tablesorting(part5, tween5)
		tween2 = ts:Create(part2, TweenInfo.new(0.01666666567325592, Enum.EasingStyle.Linear, Enum.EasingDirection.In, 0, false, 0), {C0 = CFrame.new(1.28434587, -0.122867942, -0.119343072, -0.335243285, -0.10970135, 0.935723066, 0.840754628, 0.413348049, 0.349678457, -0.425139606, 0.903940856, -0.0463402607)}) tween2:Play() tablesorting(part2, tween2)
		tween3 = ts:Create(part3, TweenInfo.new(0.01666666567325592, Enum.EasingStyle.Linear, Enum.EasingDirection.In, 0, false, 0), {C0 = CFrame.new(-1.13647997, 0.0367310941, -0.249130011, -0.438762009, -0.039480295, -0.897735596, -0.845573902, 0.356256127, 0.39760083, 0.304126382, 0.933553994, -0.189695254)}) tween3:Play() tablesorting(part3, tween3)
		tween6 = ts:Create(part6, TweenInfo.new(0.01666666567325592, Enum.EasingStyle.Linear, Enum.EasingDirection.In, 0, false, 0), {C0 = CFrame.new(-9.77888703e-08, 1.01666188, 8.0675818e-08, -0.997987092, -0.0169816911, 0.0611029416, 0.0496409573, 0.390437335, 0.919290185, -0.039467968, 0.92047286, -0.388808399)}) tween6:Play() tablesorting(part6, tween6)
		tween4 = ts:Create(part4, TweenInfo.new(0.01666666567325592, Enum.EasingStyle.Linear, Enum.EasingDirection.In, 0, false, 0), {C0 = CFrame.new(1.10334074, -0.636800706, -0.565538049, 0.395586163, -0.00973794982, 0.91837728, -0.256779432, 0.958894074, 0.120773897, -0.881802678, -0.283596843, 0.376824766)}) tween4:Play() tablesorting(part4, tween4)
		task.wait(0.014)

		if afterframe() then
			return
		end

		--16, 0.25
		tween1 = ts:Create(part1, TweenInfo.new(0.016666680574417114, Enum.EasingStyle.Linear, Enum.EasingDirection.In, 0, false, 0), {C0 = CFrame.new(0.0426708125, -0.422458649, -0.248310089, -0.999879122, 0.0145951556, -0.00536422152, -0.0014584224, 0.255429089, 0.966826677, 0.0154811628, 0.96671772, -0.255376905)}) tween1:Play() tablesorting(part1, tween1)
		tween5 = ts:Create(part5, TweenInfo.new(0.016666680574417114, Enum.EasingStyle.Linear, Enum.EasingDirection.In, 0, false, 0), {C0 = CFrame.new(-1.15839016, -0.434402585, -0.887318492, 0.353458732, 0.039671883, -0.934608579, 0.0167287197, 0.998672485, 0.048717849, 0.935300529, -0.0328545794, 0.352325797)}) tween5:Play() tablesorting(part5, tween5)
		tween2 = ts:Create(part2, TweenInfo.new(0.016666680574417114, Enum.EasingStyle.Linear, Enum.EasingDirection.In, 0, false, 0), {C0 = CFrame.new(1.31459069, -0.170898318, -0.129071206, -0.398285151, -0.0628012866, 0.915109336, 0.856560469, 0.331430167, 0.395547926, -0.328135759, 0.941387296, -0.0782107413)}) tween2:Play() tablesorting(part2, tween2)
		tween3 = ts:Create(part3, TweenInfo.new(0.016666680574417114, Enum.EasingStyle.Linear, Enum.EasingDirection.In, 0, false, 0), {C0 = CFrame.new(-1.16052186, 0.000991344452, -0.269228071, -0.478835166, -0.0953297541, -0.872713625, -0.854146957, 0.280288875, 0.438031137, 0.20285444, 0.955170453, -0.215637833)}) tween3:Play() tablesorting(part3, tween3)
		tween6 = ts:Create(part6, TweenInfo.new(0.016666680574417114, Enum.EasingStyle.Linear, Enum.EasingDirection.In, 0, false, 0), {C0 = CFrame.new(-8.94069672e-08, 1.01666212, -1.0675285e-07, -0.997860432, -0.0132486178, 0.0640235469, 0.0531708822, 0.405382425, 0.912599683, -0.0380446129, 0.914051235, -0.40381062)}) tween6:Play() tablesorting(part6, tween6)
		tween4 = ts:Create(part4, TweenInfo.new(0.016666680574417114, Enum.EasingStyle.Linear, Enum.EasingDirection.In, 0, false, 0), {C0 = CFrame.new(1.09820282, -0.609070897, -0.578412056, 0.399977028, -0.0117679201, 0.916449606, -0.256942064, 0.958380878, 0.124446586, -0.879772186, -0.285250247, 0.380306721)}) tween4:Play() tablesorting(part4, tween4)
		task.wait(0.014)

		if afterframe() then
			return
		end

		--17, 0.2666666805744171
		tween1 = ts:Create(part1, TweenInfo.new(0.016666650772094727, Enum.EasingStyle.Linear, Enum.EasingDirection.In, 0, false, 0), {C0 = CFrame.new(0.0461392775, -0.450778961, -0.263954163, -0.999863386, 0.0154418936, -0.00589805981, -0.00148339546, 0.271549433, 0.962423325, 0.0164632536, 0.962300599, -0.271489412)}) tween1:Play() tablesorting(part1, tween1)
		tween5 = ts:Create(part5, TweenInfo.new(0.016666650772094727, Enum.EasingStyle.Linear, Enum.EasingDirection.In, 0, false, 0), {C0 = CFrame.new(-1.14496303, -0.385194659, -0.888014674, 0.353726059, 0.048097387, -0.934111714, -0.00953613501, 0.99881053, 0.0478176624, 0.935300469, -0.00800655689, 0.353763938)}) tween5:Play() tablesorting(part5, tween5)
		tween2 = ts:Create(part2, TweenInfo.new(0.016666650772094727, Enum.EasingStyle.Linear, Enum.EasingDirection.In, 0, false, 0), {C0 = CFrame.new(1.34468806, -0.214340568, -0.13810201, -0.453388363, -0.0119614825, 0.891232848, 0.860946834, 0.252899915, 0.441375464, -0.23067224, 0.967418492, -0.104363829)}) tween2:Play() tablesorting(part2, tween2)
		tween3 = ts:Create(part3, TweenInfo.new(0.016666650772094727, Enum.EasingStyle.Linear, Enum.EasingDirection.In, 0, false, 0), {C0 = CFrame.new(-1.18664134, -0.0311880112, -0.287644386, -0.511457384, -0.150327623, -0.846057236, -0.852471113, 0.212720901, 0.477538466, 0.108186953, 0.96547991, -0.236947522)}) tween3:Play() tablesorting(part3, tween3)
		tween6 = ts:Create(part6, TweenInfo.new(0.016666650772094727, Enum.EasingStyle.Linear, Enum.EasingDirection.In, 0, false, 0), {C0 = CFrame.new(-8.56816769e-08, 1.01666224, 5.30271791e-08, -0.997747421, -0.00940177962, 0.0664208457, 0.0563947633, 0.418644071, 0.90639776, -0.0363284312, 0.908101737, -0.417170823)}) tween6:Play() tablesorting(part6, tween6)
		tween4 = ts:Create(part4, TweenInfo.new(0.016666650772094727, Enum.EasingStyle.Linear, Enum.EasingDirection.In, 0, false, 0), {C0 = CFrame.new(1.09303677, -0.58405602, -0.588645935, 0.404150695, -0.0137637798, 0.914588869, -0.256755233, 0.9579795, 0.12787509, -0.877917409, -0.286506325, 0.38363421)}) tween4:Play() tablesorting(part4, tween4)
		task.wait(0.014)

		if afterframe() then
			return
		end

		--18, 0.28333333134651184
		tween1 = ts:Create(part1, TweenInfo.new(0.016666680574417114, Enum.EasingStyle.Linear, Enum.EasingDirection.In, 0, false, 0), {C0 = CFrame.new(0.0494789407, -0.475527048, -0.27746594, -0.999848962, 0.0161646344, -0.00639911694, -0.00151868013, 0.285462171, 0.958388746, 0.0173187107, 0.958253622, -0.28539449)}) tween1:Play() tablesorting(part1, tween1)
		tween5 = ts:Create(part5, TweenInfo.new(0.016666680574417114, Enum.EasingStyle.Linear, Enum.EasingDirection.In, 0, false, 0), {C0 = CFrame.new(-1.13181949, -0.342423677, -0.885942638, 0.353973418, 0.0563331172, -0.933557451, -0.0333626121, 0.998309553, 0.0475904681, 0.934660196, 0.014300161, 0.355254471)}) tween5:Play() tablesorting(part5, tween5)
		tween2 = ts:Create(part2, TweenInfo.new(0.016666680574417114, Enum.EasingStyle.Linear, Enum.EasingDirection.In, 0, false, 0), {C0 = CFrame.new(1.37431514, -0.252230287, -0.146185368, -0.500204027, 0.0410625748, 0.864933372, 0.855252385, 0.179646432, 0.486076683, -0.135422617, 0.982873857, -0.124978714)}) tween2:Play() tablesorting(part2, tween2)
		tween3 = ts:Create(part3, TweenInfo.new(0.016666680574417114, Enum.EasingStyle.Linear, Enum.EasingDirection.In, 0, false, 0), {C0 = CFrame.new(-1.21486127, -0.0590878725, -0.303880483, -0.537645578, -0.202811956, -0.818415821, -0.842867851, 0.155299827, 0.51522404, 0.0226063132, 0.966824353, -0.254440159)}) tween3:Play() tablesorting(part3, tween3)
		tween6 = ts:Create(part6, TweenInfo.new(0.016666680574417114, Enum.EasingStyle.Linear, Enum.EasingDirection.In, 0, false, 0), {C0 = CFrame.new(-8.61473382e-08, 1.01666248, 1.20489858e-08, -0.997653604, -0.00550810527, 0.0682424232, 0.0592497177, 0.429979742, 0.900892317, -0.0343051329, 0.902821779, -0.428644419)}) tween6:Play() tablesorting(part6, tween6)
