function animation(character)
	local ts = game:GetService("TweenService")
	local canceldb = false
	local root = character:FindFirstChild("HumanoidRootPart", true)
	local part1 = character["HumanoidRootPart"]["RootJoint"]	
	local part2 = character["Torso"]["Right Shoulder"]
	local part3 = character["Torso"]["Left Shoulder"]
	local part4 = character["Torso"]["Right Hip"]
	local part5 = character["Torso"]["Left Hip"]
	local part6 = character["Torso"]["Neck"]
	local val = 2 --Action
	local tweens = {}
	local function tablesorting(part, tween)
		for i, v in pairs(tweens) do
			if v.Instance == part then
				table.remove(tweens, table.find(tweens, v))
			end
		end
		table.insert(tweens, tween)
	end
	local tween1, tween2, tween3, tween4, tween5, tween6

	local priority = root:FindFirstChild("priority")
	if not priority then
		priority = Instance.new("NumberValue", root)
		priority.Name = "priority"
	end

	local anims = root:FindFirstChild("anims")
	if not anims then
		anims = Instance.new("Folder", root)
		anims.Name = "anims"
	end
	local animvalue = anims:FindFirstChild("3")
	if not animvalue then
		animvalue = Instance.new("BoolValue", anims)
		animvalue.Value = true
		animvalue.Name = "3"
	end
	animvalue.Value = true

	local function afterframe()
		if canceldb or not character or not part1 then
			return true
		else
			return false
		end
	end

	if afterframe() then
		animvalue.Value = false
		return false
	end
	priority.Value = val
	local connect
	local connect2
	connect = priority.Changed:Connect(function()
		if priority.Value > val then
			for i, v in pairs(tweens) do
				if v and v.PlaybackState == Enum.PlaybackState.Playing then
					v:Cancel()
				end
			end
			canceldb = true
			connect2:Disconnect()
			connect:Disconnect()
		else
			priority.Value = val
		end
	end)
	connect2 = animvalue.Changed:Connect(function()
		if not animvalue.Value then
			for i, v in pairs(tweens) do
				if v and v.PlaybackState == Enum.PlaybackState.Playing then
					v:Cancel()
				end
			end
			canceldb = true
			connect:Disconnect()
			if priority.Value <= val then
				priority.Value = 0
			end
			connect2:Disconnect()
		--smooth transition
		tween1 = ts:Create(part1, TweenInfo.new(0.5), {C0 = CFrame.new(0, 0, 0, -1, 0, 0, 0, 0, 1, 0, 1, -0)}) tween1:Play() tablesorting(part1, tween1)
		tween2 = ts:Create(part2, TweenInfo.new(0.5), {C0 = CFrame.new(1, 0.5, 0, 0, 0, 1, 0, 1, -0, -1, 0, 0)}) tween2:Play() tablesorting(part2, tween2)
		tween3 = ts:Create(part3, TweenInfo.new(0.5), {C0 = CFrame.new(-1, 0.5, 0, 0, 0, -1, 0, 1, 0, 1, 0, 0)}) tween3:Play() tablesorting(part3, tween3)
		tween4 = ts:Create(part4, TweenInfo.new(0.5), {C0 = CFrame.new(1, -1, 0, 0, 0, 1, 0, 1, -0, -1, 0, 0)}) tween4:Play() tablesorting(part4, tween4)
		tween5 = ts:Create(part5, TweenInfo.new(0.5), {C0 = CFrame.new(-1, -1, 0, 0, 0, -1, 0, 1, 0, 1, 0, 0)}) tween5:Play() tablesorting(part5, tween5)
		tween6 = ts:Create(part6, TweenInfo.new(0.5), {C0 = CFrame.new(0, 1, 0, -1, 0, 0, 0, 0, 1, 0, 1, -0)}) tween6:Play() tablesorting(part6, tween6)
		end
	end)
	if true then
		--1, 0
		tween1 = ts:Create(part1, TweenInfo.new(0.06666667014360428, Enum.EasingStyle.Linear, Enum.EasingDirection.In, 0, false, 0), {C0 = CFrame.new(-0.0280893464, 0.365351915, -0.257700086, -0.994395912, -0.105564103, 0.00574801955, 0.00253145164, 0.0305790342, 0.999529123, -0.105690159, 0.993942261, -0.0301404353)}) tween1:Play() tablesorting(part1, tween1)
		tween5 = ts:Create(part5, TweenInfo.new(0.06666667014360428, Enum.EasingStyle.Linear, Enum.EasingDirection.In, 0, false, 0), {C0 = CFrame.new(-1.27396345, -0.901911855, -0.900005758, 0.271677077, -0.128792256, -0.953731656, 0.331608176, 0.942844748, -0.0328612328, 0.903453112, -0.307337523, 0.298857808)}) tween5:Play() tablesorting(part5, tween5)
		tween2 = ts:Create(part2, TweenInfo.new(0.06666667014360428, Enum.EasingStyle.Linear, Enum.EasingDirection.In, 0, false, 0), {C0 = CFrame.new(0.991300702, 1.12428761, 0.0704192743, -0.603009999, 0.307831883, 0.73594743, 0.189483896, -0.840874612, 0.50697726, 0.774903178, 0.445162445, 0.448726535)}) tween2:Play() tablesorting(part2, tween2)
		tween3 = ts:Create(part3, TweenInfo.new(0.06666667014360428, Enum.EasingStyle.Linear, Enum.EasingDirection.In, 0, false, 0), {C0 = CFrame.new(-1.030303, 0.106301427, -0.265342355, -0.125638992, -0.803848624, -0.581413567, -0.924217343, -0.118186317, 0.363117635, -0.360606611, 0.582974672, -0.728082418)}) tween3:Play() tablesorting(part3, tween3)
		tween6 = ts:Create(part6, TweenInfo.new(0.06666667014360428, Enum.EasingStyle.Linear, Enum.EasingDirection.In, 0, false, 0), {C0 = CFrame.new(0.00485331658, 0.977819741, 0.00149272755, -0.992785811, 0.0900947303, -0.079116337, -0.0558650643, 0.23627454, 0.970079124, 0.106092297, 0.967500567, -0.229536846)}) tween6:Play() tablesorting(part6, tween6)
		tween4 = ts:Create(part4, TweenInfo.new(0.06666667014360428, Enum.EasingStyle.Linear, Enum.EasingDirection.In, 0, false, 0), {C0 = CFrame.new(1.14507413, -0.241117358, -0.541957378, 0.426220357, 0.0127347158, 0.90452975, -0.125718966, 0.991031706, 0.0452869162, -0.895840943, -0.133018643, 0.423998743)}) tween4:Play() tablesorting(part4, tween4)
		task.wait(0.05166667014360428)

		if afterframe() then
			return
		end

		--2, 0.06666667014360428
		tween1 = ts:Create(part1, TweenInfo.new(0.01666666567325592, Enum.EasingStyle.Linear, Enum.EasingDirection.In, 0, false, 0), {C0 = CFrame.new(-0.0287446268, 0.367537022, -0.257165849, -0.994285703, -0.106586106, 0.00595252588, 0.00275347917, 0.0301357787, 0.999541998, -0.10671667, 0.993846714, -0.0296700913)}) tween1:Play() tablesorting(part1, tween1)
		tween5 = ts:Create(part5, TweenInfo.new(0.01666666567325592, Enum.EasingStyle.Linear, Enum.EasingDirection.In, 0, false, 0), {C0 = CFrame.new(-1.27301943, -0.899641395, -0.897619188, 0.27338472, -0.125450268, -0.953689158, 0.328250349, 0.944111288, -0.0300940443, 0.904163837, -0.30482161, 0.299284726)}) tween5:Play() tablesorting(part5, tween5)
		tween2 = ts:Create(part2, TweenInfo.new(0.01666666567325592, Enum.EasingStyle.Linear, Enum.EasingDirection.In, 0, false, 0), {C0 = CFrame.new(0.994135022, 1.11411273, 0.0669167265, -0.59326601, 0.315475732, 0.74061501, 0.195340157, -0.836097479, 0.512623966, 0.780946791, 0.448794186, 0.434403092)}) tween2:Play() tablesorting(part2, tween2)
		tween3 = ts:Create(part3, TweenInfo.new(0.01666666567325592, Enum.EasingStyle.Linear, Enum.EasingDirection.In, 0, false, 0), {C0 = CFrame.new(-1.0287627, 0.108706027, -0.266848683, -0.120808676, -0.798405945, -0.589875519, -0.925524116, -0.124250107, 0.357725114, -0.358901799, 0.589160442, -0.723933518)}) tween3:Play() tablesorting(part3, tween3)
		tween6 = ts:Create(part6, TweenInfo.new(0.01666666567325592, Enum.EasingStyle.Linear, Enum.EasingDirection.In, 0, false, 0), {C0 = CFrame.new(0.00485331379, 0.9778198, 0.00149271847, -0.992793977, 0.0907581449, -0.0782508403, -0.0549639873, 0.235380098, 0.97034806, 0.106485702, 0.967656553, -0.228695452)}) tween6:Play() tablesorting(part6, tween6)
		tween4 = ts:Create(part4, TweenInfo.new(0.01666666567325592, Enum.EasingStyle.Linear, Enum.EasingDirection.In, 0, false, 0), {C0 = CFrame.new(1.14351201, -0.245881021, -0.549489915, 0.424257845, 0.0117480317, 0.905465186, -0.131615371, 0.99009788, 0.0488224998, -0.895925641, -0.139886394, 0.421603054)}) tween4:Play() tablesorting(part4, tween4)
		task.wait(0.014)

		if afterframe() then
			return
		end

		--3, 0.0833333358168602
		tween1 = ts:Create(part1, TweenInfo.new(0.01666666567325592, Enum.EasingStyle.Linear, Enum.EasingDirection.In, 0, false, 0), {C0 = CFrame.new(-0.0292608086, 0.369389534, -0.25662744, -0.994166374, -0.107681043, 0.00617116736, 0.00299179577, 0.0296624266, 0.999555588, -0.107816227, 0.993742943, -0.0291672293)}) tween1:Play() tablesorting(part1, tween1)
		tween5 = ts:Create(part5, TweenInfo.new(0.01666666567325592, Enum.EasingStyle.Linear, Enum.EasingDirection.In, 0, false, 0), {C0 = CFrame.new(-1.27211118, -0.897125542, -0.89533186, 0.275152624, -0.12199463, -0.953629076, 0.324841797, 0.945376873, -0.0272116847, 0.904858351, -0.302291274, 0.299751878)}) tween5:Play() tablesorting(part5, tween5)
		tween2 = ts:Create(part2, TweenInfo.new(0.01666666567325592, Enum.EasingStyle.Linear, Enum.EasingDirection.In, 0, false, 0), {C0 = CFrame.new(0.997175455, 1.10321379, 0.063161023, -0.58267349, 0.323756486, 0.745435119, 0.201752812, -0.830890179, 0.51857233, 0.787265778, 0.45255205, 0.418818951)}) tween2:Play() tablesorting(part2, tween2)
		tween3 = ts:Create(part3, TweenInfo.new(0.01666666567325592, Enum.EasingStyle.Linear, Enum.EasingDirection.In, 0, false, 0), {C0 = CFrame.new(-1.02711058, 0.111289501, -0.268464327, -0.115677804, -0.792502105, -0.598797798, -0.926921487, -0.130530819, 0.351821691, -0.35698092, 0.595736682, -0.719487846)}) tween3:Play() tablesorting(part3, tween3)
		tween6 = ts:Create(part6, TweenInfo.new(0.01666666567325592, Enum.EasingStyle.Linear, Enum.EasingDirection.In, 0, false, 0), {C0 = CFrame.new(0.00485332031, 0.977819681, 0.00149271474, -0.9927935, 0.0914840251, -0.0774068832, -0.0540683568, 0.234502718, 0.970610678, 0.106947482, 0.967801213, -0.227866381)}) tween6:Play() tablesorting(part6, tween6)
		tween4 = ts:Create(part4, TweenInfo.new(0.01666666567325592, Enum.EasingStyle.Linear, Enum.EasingDirection.In, 0, false, 0), {C0 = CFrame.new(1.1418165, -0.250605345, -0.557400823, 0.422195256, 0.010698163, 0.906441867, -0.13790518, 0.989049792, 0.0525591709, -0.895953894, -0.147193164, 0.419047564)}) tween4:Play() tablesorting(part4, tween4)
		task.wait(0.014)

		if afterframe() then
			return
		end

		--4, 0.10000000149011612
		tween1 = ts:Create(part1, TweenInfo.new(0.01666666567325592, Enum.EasingStyle.Linear, Enum.EasingDirection.In, 0, false, 0), {C0 = CFrame.new(-0.0296276771, 0.370881557, -0.256085098, -0.994037449, -0.108851433, 0.00640429184, 0.0032470962, 0.0291571729, 0.999569595, -0.10899131, 0.99363035, -0.0286298711)}) tween1:Play() tablesorting(part1, tween1)
		tween5 = ts:Create(part5, TweenInfo.new(0.01666666567325592, Enum.EasingStyle.Linear, Enum.EasingDirection.In, 0, false, 0), {C0 = CFrame.new(-1.27124226, -0.894356072, -0.893157661, 0.276981056, -0.118424289, -0.953549862, 0.321386933, 0.946638465, -0.0242115334, 0.905533969, -0.299752355, 0.300260931)}) tween5:Play() tablesorting(part5, tween5)
		tween2 = ts:Create(part2, TweenInfo.new(0.01666666567325592, Enum.EasingStyle.Linear, Enum.EasingDirection.In, 0, false, 0), {C0 = CFrame.new(1.00043046, 1.09156859, 0.0591427982, -0.571178436, 0.33271122, 0.750372291, 0.208764762, -0.825222433, 0.524809778, 0.79383409, 0.456411272, 0.401890934)}) tween2:Play() tablesorting(part2, tween2)
		tween3 = ts:Create(part3, TweenInfo.new(0.01666666567325592, Enum.EasingStyle.Linear, Enum.EasingDirection.In, 0, false, 0), {C0 = CFrame.new(-1.02534246, 0.114059329, -0.270192951, -0.110227175, -0.786102772, -0.608187556, -0.928406477, -0.137027949, 0.345376343, -0.354839921, 0.602715373, -0.714718997)}) tween3:Play() tablesorting(part3, tween3)
		tween6 = ts:Create(part6, TweenInfo.new(0.01666666567325592, Enum.EasingStyle.Linear, Enum.EasingDirection.In, 0, false, 0), {C0 = CFrame.new(0.00485332124, 0.977819443, 0.00149274548, -0.992783844, 0.0922750011, -0.0765876099, -0.0531803556, 0.23364675, 0.970866144, 0.107481115, 0.967933178, -0.227053538)}) tween6:Play() tablesorting(part6, tween6)
		tween4 = ts:Create(part4, TweenInfo.new(0.01666666567325592, Enum.EasingStyle.Linear, Enum.EasingDirection.In, 0, false, 0), {C0 = CFrame.new(1.13998532, -0.255292296, -0.565704346, 0.420033932, 0.00958380103, 0.907457769, -0.144607618, 0.987874568, 0.0565011837, -0.895913124, -0.154957652, 0.416326791)}) tween4:Play() tablesorting(part4, tween4)
		task.wait(0.014)

		if afterframe() then
			return
		end

		--5, 0.11666666716337204
		tween1 = ts:Create(part1, TweenInfo.new(0.016666673123836517, Enum.EasingStyle.Linear, Enum.EasingDirection.In, 0, false, 0), {C0 = CFrame.new(-0.0298350211, 0.371985435, -0.255539119, -0.993898332, -0.110099792, 0.00665223692, 0.00352008501, 0.0286182594, 0.999584198, -0.110244386, 0.993508458, -0.0280560795)}) tween1:Play() tablesorting(part1, tween1)
		tween5 = ts:Create(part5, TweenInfo.new(0.016666673123836517, Enum.EasingStyle.Linear, Enum.EasingDirection.In, 0, false, 0), {C0 = CFrame.new(-1.27041221, -0.891320109, -0.891106367, 0.278868973, -0.114736967, -0.953450382, 0.31788978, 0.947893143, -0.0210905652, 0.906188726, -0.297210693, 0.300811738)}) tween5:Play() tablesorting(part5, tween5)
		tween2 = ts:Create(part2, TweenInfo.new(0.016666673123836517, Enum.EasingStyle.Linear, Enum.EasingDirection.In, 0, false, 0), {C0 = CFrame.new(1.00390744, 1.07915306, 0.0548523366, -0.558724225, 0.342379302, 0.755383074, 0.216421574, -0.819061399, 0.531319439, 0.800617874, 0.460342139, 0.383531153)}) tween2:Play() tablesorting(part2, tween2)
		tween3 = ts:Create(part3, TweenInfo.new(0.016666673123836517, Enum.EasingStyle.Linear, Enum.EasingDirection.In, 0, false, 0), {C0 = CFrame.new(-1.02345395, 0.117022336, -0.272038877, -0.104436442, -0.779171169, -0.618049383, -0.929975331, -0.143739492, 0.338356256, -0.352475435, 0.61010766, -0.709598482)}) tween3:Play() tablesorting(part3, tween3)
		tween6 = ts:Create(part6, TweenInfo.new(0.016666673123836517, Enum.EasingStyle.Linear, Enum.EasingDirection.In, 0, false, 0), {C0 = CFrame.new(0.00485332031, 0.977819562, 0.00149271195, -0.992764413, 0.0931339785, -0.0757960677, -0.052301921, 0.232816026, 0.971113443, 0.108090222, 0.968051016, -0.226260439)}) tween6:Play() tablesorting(part6, tween6)
		tween4 = ts:Create(part4, TweenInfo.new(0.016666673123836517, Enum.EasingStyle.Linear, Enum.EasingDirection.In, 0, false, 0), {C0 = CFrame.new(1.13801455, -0.259942651, -0.574416995, 0.417775631, 0.00840229075, 0.908511341, -0.151740283, 0.986557722, 0.0606530271, -0.895789325, -0.163197085, 0.413434893)}) tween4:Play() tablesorting(part4, tween4)
		task.wait(0.014)

		if afterframe() then
			return
		end

		--6, 0.13333334028720856
		tween1 = ts:Create(part1, TweenInfo.new(0.01666666567325592, Enum.EasingStyle.Linear, Enum.EasingDirection.In, 0, false, 0), {C0 = CFrame.new(-0.0298726782, 0.372673512, -0.254989803, -0.993748426, -0.111428618, 0.00691532297, 0.00381148583, 0.0280439071, 0.999599516, -0.111577913, 0.993376672, -0.0274438839)}) tween1:Play() tablesorting(part1, tween1)
		tween5 = ts:Create(part5, TweenInfo.new(0.01666666567325592, Enum.EasingStyle.Linear, Enum.EasingDirection.In, 0, false, 0), {C0 = CFrame.new(-1.26962221, -0.888006985, -0.889190733, 0.280816436, -0.110930935, -0.953329146, 0.314354718, 0.949137807, -0.0178456213, 0.906820297, -0.294672221, 0.301405191)}) tween5:Play() tablesorting(part5, tween5)
		tween2 = ts:Create(part2, TweenInfo.new(0.01666666567325592, Enum.EasingStyle.Linear, Enum.EasingDirection.In, 0, false, 0), {C0 = CFrame.new(1.00761485, 1.06593943, 0.0502798781, -0.545251966, 0.352800757, 0.760415733, 0.224772081, -0.812372744, 0.538078189, 0.807575345, 0.464308381, 0.363648057)}) tween2:Play() tablesorting(part2, tween2)
		tween3 = ts:Create(part3, TweenInfo.new(0.01666666567325592, Enum.EasingStyle.Linear, Enum.EasingDirection.In, 0, false, 0), {C0 = CFrame.new(-1.02144039, 0.120183915, -0.2740058, -0.0982841924, -0.7716676, -0.62838608, -0.931622744, -0.150661513, 0.3307271, -0.349884897, 0.617924213, -0.704095483)}) tween3:Play() tablesorting(part3, tween3)
		tween6 = ts:Create(part6, TweenInfo.new(0.01666666567325592, Enum.EasingStyle.Linear, Enum.EasingDirection.In, 0, false, 0), {C0 = CFrame.new(0.0048533231, 0.977819443, 0.00149275991, -0.992734492, 0.0940638036, -0.0750353113, -0.0514351726, 0.232014894, 0.971351445, 0.108778358, 0.968153536, -0.225490987)}) tween6:Play() tablesorting(part6, tween6)
		tween4 = ts:Create(part4, TweenInfo.new(0.01666666567325592, Enum.EasingStyle.Linear, Enum.EasingDirection.In, 0, false, 0), {C0 = CFrame.new(1.13590026, -0.264563799, -0.58355546, 0.415421456, 0.00715093454, 0.909601033, -0.159322709, 0.985083044, 0.0650193989, -0.895567596, -0.171930432, 0.410363972)}) tween4:Play() tablesorting(part4, tween4)
		task.wait(0.014)

		if afterframe() then
			return
		end

		--7, 0.15000000596046448
		tween1 = ts:Create(part1, TweenInfo.new(0.01666666567325592, Enum.EasingStyle.Linear, Enum.EasingDirection.In, 0, false, 0), {C0 = CFrame.new(-0.0297304634, 0.372917652, -0.254437327, -0.993587136, -0.112840451, 0.00719384803, 0.00412203465, 0.0274323635, 0.999615192, -0.112994365, 0.993234396, -0.0267913099)}) tween1:Play() tablesorting(part1, tween1)
		tween5 = ts:Create(part5, TweenInfo.new(0.01666666567325592, Enum.EasingStyle.Linear, Enum.EasingDirection.In, 0, false, 0), {C0 = CFrame.new(-1.26887262, -0.884404302, -0.887420177, 0.282823771, -0.107003108, -0.953184724, 0.310784101, 0.950370371, -0.0144730601, 0.907427013, -0.292141318, 0.302042216)}) tween5:Play() tablesorting(part5, tween5)
		tween2 = ts:Create(part2, TweenInfo.new(0.01666666567325592, Enum.EasingStyle.Linear, Enum.EasingDirection.In, 0, false, 0), {C0 = CFrame.new(1.01156068, 1.05190778, 0.0454154462, -0.530700982, 0.364016086, 0.765407622, 0.233867541, -0.805120707, 0.54505676, 0.814654887, 0.46826598, 0.342146605)}) tween2:Play() tablesorting(part2, tween2)
		tween3 = ts:Create(part3, TweenInfo.new(0.01666666567325592, Enum.EasingStyle.Linear, Enum.EasingDirection.In, 0, false, 0), {C0 = CFrame.new(-1.01929736, 0.123551518, -0.276097924, -0.0917475149, -0.763550162, -0.639197707, -0.93334198, -0.157788411, 0.322452843, -0.34706676, 0.626174212, -0.698176622)}) tween3:Play() tablesorting(part3, tween3)
		tween6 = ts:Create(part6, TweenInfo.new(0.01666666567325592, Enum.EasingStyle.Linear, Enum.EasingDirection.In, 0, false, 0), {C0 = CFrame.new(0.00485331565, 0.9778198, 0.00149280531, -0.992693603, 0.0950672999, -0.0743084326, -0.0505820625, 0.231247455, 0.971579194, 0.109549053, 0.968239129, -0.224749133)}) tween6:Play() tablesorting(part6, tween6)
		tween4 = ts:Create(part4, TweenInfo.new(0.01666666567325592, Enum.EasingStyle.Linear, Enum.EasingDirection.In, 0, false, 0), {C0 = CFrame.new(1.13363981, -0.269162536, -0.593136013, 0.41297552, 0.0058276346, 0.910723507, -0.167373255, 0.983433545, 0.0696038976, -0.895230353, -0.181175396, 0.40710929)}) tween4:Play() tablesorting(part4, tween4)
		task.wait(0.014)

		if afterframe() then
			return
		end

		--8, 0.1666666716337204
		tween1 = ts:Create(part1, TweenInfo.new(0.01666666567325592, Enum.EasingStyle.Linear, Enum.EasingDirection.In, 0, false, 0), {C0 = CFrame.new(-0.0292697549, 0.370975256, -0.25398159, -0.993401229, -0.114444882, 0.00751202321, 0.0044733393, 0.026785234, 0.999631226, -0.114603885, 0.993068457, -0.026096534)}) tween1:Play() tablesorting(part1, tween1)
		tween5 = ts:Create(part5, TweenInfo.new(0.01666666567325592, Enum.EasingStyle.Linear, Enum.EasingDirection.In, 0, false, 0), {C0 = CFrame.new(-1.26823759, -0.880286455, -0.885833621, 0.284995764, -0.102919839, -0.952987373, 0.307104677, 0.951613069, -0.0109301833, 0.908000052, -0.289551854, 0.302812845)}) tween5:Play() tablesorting(part5, tween5)
		tween2 = ts:Create(part2, TweenInfo.new(0.01666666567325592, Enum.EasingStyle.Linear, Enum.EasingDirection.In, 0, false, 0), {C0 = CFrame.new(1.01575303, 1.03703201, 0.0402486175, -0.515008569, 0.376066923, 0.770285487, 0.243762076, -0.797267437, 0.552218139, 0.82179451, 0.472163469, 0.318928719)}) tween2:Play() tablesorting(part2, tween2)
		tween3 = ts:Create(part3, TweenInfo.new(0.01666666567325592, Enum.EasingStyle.Linear, Enum.EasingDirection.In, 0, false, 0), {C0 = CFrame.new(-1.01701987, 0.127132058, -0.27831918, -0.0848025754, -0.754773736, -0.650480568, -0.935125053, -0.165111482, 0.313495576, -0.344020069, 0.634865999, -0.691806078)}) tween3:Play() tablesorting(part3, tween3)
		tween6 = ts:Create(part6, TweenInfo.new(0.01666666567325592, Enum.EasingStyle.Linear, Enum.EasingDirection.In, 0, false, 0), {C0 = CFrame.new(0.00485331938, 0.977819145, 0.00149271055, -0.992627859, 0.0962460935, -0.0736657605, -0.0497685298, 0.230517149, 0.971794784, 0.110512719, 0.968296766, -0.224027723)}) tween6:Play() tablesorting(part6, tween6)
		tween4 = ts:Create(part4, TweenInfo.new(0.01666666567325592, Enum.EasingStyle.Linear, Enum.EasingDirection.In, 0, false, 0), {C0 = CFrame.new(1.13118267, -0.274487436, -0.60377574, 0.410289109, 0.00441116001, 0.911944926, -0.176442638, 0.981477261, 0.074634932, -0.894723952, -0.191527814, 0.403467715)}) tween4:Play() tablesorting(part4, tween4)
		task.wait(0.014)

		if afterframe() then
			return
		end

		--9, 0.18333333730697632
		tween1 = ts:Create(part1, TweenInfo.new(0.01666666567325592, Enum.EasingStyle.Linear, Enum.EasingDirection.In, 0, false, 0), {C0 = CFrame.new(-0.0283968523, 0.365264177, -0.253730059, -0.993180692, -0.116318367, 0.00788695458, 0.00488023227, 0.0261112694, 0.999647141, -0.116483256, 0.992868721, -0.0253655482)}) tween1:Play() tablesorting(part1, tween1)
		tween5 = ts:Create(part5, TweenInfo.new(0.01666666567325592, Enum.EasingStyle.Linear, Enum.EasingDirection.In, 0, false, 0), {C0 = CFrame.new(-1.26777005, -0.875467777, -0.884461939, 0.287404656, -0.098656863, -0.952714801, 0.303243965, 0.952885807, -0.00719522825, 0.908538163, -0.286837071, 0.303780913)}) tween5:Play() tablesorting(part5, tween5)
		tween2 = ts:Create(part2, TweenInfo.new(0.01666666567325592, Enum.EasingStyle.Linear, Enum.EasingDirection.In, 0, false, 0), {C0 = CFrame.new(1.02020013, 1.02128994, 0.0347689986, -0.498112321, 0.388994366, 0.774962842, 0.254512519, -0.788774192, 0.559516609, 0.82891959, 0.47593981, 0.293894172)}) tween2:Play() tablesorting(part2, tween2)
		tween3 = ts:Create(part3, TweenInfo.new(0.01666666567325592, Enum.EasingStyle.Linear, Enum.EasingDirection.In, 0, false, 0), {C0 = CFrame.new(-1.01460326, 0.13093257, -0.280673832, -0.0774237141, -0.74529016, -0.662229717, -0.936962187, -0.172620907, 0.303815633, -0.340745419, 0.644006729, -0.684943736)}) tween3:Play() tablesorting(part3, tween3)
		tween6 = ts:Create(part6, TweenInfo.new(0.01666666567325592, Enum.EasingStyle.Linear, Enum.EasingDirection.In, 0, false, 0), {C0 = CFrame.new(0.00485332124, 0.977819204, 0.00149269286, -0.992527366, 0.097671926, -0.0731422007, -0.0490133986, 0.229820147, 0.971998155, 0.111746527, 0.968319714, -0.223315492)}) tween6:Play() tablesorting(part6, tween6)
		tween4 = ts:Create(part4, TweenInfo.new(0.01666666567325592, Enum.EasingStyle.Linear, Enum.EasingDirection.In, 0, false, 0), {C0 = CFrame.new(1.12850714, -0.281297565, -0.615941167, 0.40726456, 0.00288047525, 0.913305759, -0.186987743, 0.979075253, 0.080294244, -0.893963814, -0.203477889, 0.399281383)}) tween4:Play() tablesorting(part4, tween4)
		task.wait(0.014)

		if afterframe() then
			return
		end

		--10, 0.20000000298023224
		tween1 = ts:Create(part1, TweenInfo.new(0.01666666567325592, Enum.EasingStyle.Linear, Enum.EasingDirection.In, 0, false, 0), {C0 = CFrame.new(-0.0271689892, 0.355999947, -0.253694475, -0.992929637, -0.118413575, 0.00830833055, 0.00533323735, 0.0254193768, 0.999662638, -0.118584819, 0.992639005, -0.024608124)}) tween1:Play() tablesorting(part1, tween1)
		tween5 = ts:Create(part5, TweenInfo.new(0.01666666567325592, Enum.EasingStyle.Linear, Enum.EasingDirection.In, 0, false, 0), {C0 = CFrame.new(-1.26743114, -0.870003283, -0.883296371, 0.2900002, -0.0942251161, -0.952376783, 0.299202412, 0.954183996, -0.00329631474, 0.909053147, -0.283997446, 0.304905891)}) tween5:Play() tablesorting(part5, tween5)
		tween2 = ts:Create(part2, TweenInfo.new(0.01666666567325592, Enum.EasingStyle.Linear, Enum.EasingDirection.In, 0, false, 0), {C0 = CFrame.new(1.02491069, 1.00465608, 0.0289656594, -0.479948878, 0.402838677, 0.779339671, 0.266177297, -0.779601216, 0.566896498, 0.835941911, 0.479523748, 0.266942203)}) tween2:Play() tablesorting(part2, tween2)
		tween3 = ts:Create(part3, TweenInfo.new(0.01666666567325592, Enum.EasingStyle.Linear, Enum.EasingDirection.In, 0, false, 0), {C0 = CFrame.new(-1.01204264, 0.134960413, -0.283166111, -0.0695844889, -0.735049129, -0.674433649, -0.938842118, -0.180301964, 0.293371618, -0.337244093, 0.653600812, -0.677548945)}) tween3:Play() tablesorting(part3, tween3)
		tween6 = ts:Create(part6, TweenInfo.new(0.01666666567325592, Enum.EasingStyle.Linear, Enum.EasingDirection.In, 0, false, 0), {C0 = CFrame.new(0.00485332217, 0.977819264, 0.00149276061, -0.992396772, 0.0993019864, -0.0727178678, -0.0483080186, 0.229149148, 0.97219187, 0.113203742, 0.96831286, -0.222609758)}) tween6:Play() tablesorting(part6, tween6)
		tween4 = ts:Create(part4, TweenInfo.new(0.01666666567325592, Enum.EasingStyle.Linear, Enum.EasingDirection.In, 0, false, 0), {C0 = CFrame.new(1.125651, -0.289620519, -0.629414678, 0.403982073, 0.00123309996, 0.914766133, -0.198882207, 0.976197243, 0.086515002, -0.892885447, -0.216881126, 0.394611329)}) tween4:Play() tablesorting(part4, tween4)
		task.wait(0.014)

		if afterframe() then
			return
		end

		--11, 0.21666666865348816
		tween1 = ts:Create(part1, TweenInfo.new(0.01666666567325592, Enum.EasingStyle.Linear, Enum.EasingDirection.In, 0, false, 0), {C0 = CFrame.new(-0.0256432891, 0.343398571, -0.253886521, -0.992652416, -0.120683186, 0.00876593031, 0.00582278986, 0.0247184169, 0.999677479, -0.120860942, 0.992383301, -0.0238340814)}) tween1:Play() tablesorting(part1, tween1)
		tween5 = ts:Create(part5, TweenInfo.new(0.01666666567325592, Enum.EasingStyle.Linear, Enum.EasingDirection.In, 0, false, 0), {C0 = CFrame.new(-1.26718295, -0.863939762, -0.882327676, 0.292732686, -0.0896354318, -0.95198375, 0.294979274, 0.955503345, 0.000738570001, 0.909557402, -0.281031728, 0.306147695)}) tween5:Play() tablesorting(part5, tween5)
		tween2 = ts:Create(part2, TweenInfo.new(0.01666666567325592, Enum.EasingStyle.Linear, Enum.EasingDirection.In, 0, false, 0), {C0 = CFrame.new(1.0298928, 0.98710829, 0.0228272304, -0.460456461, 0.417637408, 0.783299983, 0.27881664, -0.769708633, 0.574290872, 0.842758179, 0.482833028, 0.237973079)}) tween2:Play() tablesorting(part2, tween2)
		tween3 = ts:Create(part3, TweenInfo.new(0.01666666567325592, Enum.EasingStyle.Linear, Enum.EasingDirection.In, 0, false, 0), {C0 = CFrame.new(-1.00933325, 0.13922137, -0.285800397, -0.0612568855, -0.72399658, -0.687078357, -0.940751076, -0.188137963, 0.282120168, -0.333519399, 0.663651466, -0.669575691)}) tween3:Play() tablesorting(part3, tween3)
		tween6 = ts:Create(part6, TweenInfo.new(0.01666666567325592, Enum.EasingStyle.Linear, Enum.EasingDirection.In, 0, false, 0), {C0 = CFrame.new(0.00485331751, 0.977819502, 0.00149272592, -0.992241144, 0.101093359, -0.0723728165, -0.0476439074, 0.228496969, 0.972378194, 0.114837959, 0.968281627, -0.22190766)}) tween6:Play() tablesorting(part6, tween6)
		tween4 = ts:Create(part4, TweenInfo.new(0.01666666567325592, Enum.EasingStyle.Linear, Enum.EasingDirection.In, 0, false, 0), {C0 = CFrame.new(1.12265396, -0.29948318, -0.643966794, 0.400521696, -0.000531641534, 0.916287184, -0.211992264, 0.972814262, 0.0932291001, -0.891426742, -0.231585994, 0.389520615)}) tween4:Play() tablesorting(part4, tween4)
		task.wait(0.014)

		if afterframe() then
			return
		end

		--12, 0.23333333432674408
		tween1 = ts:Create(part1, TweenInfo.new(0.01666666567325592, Enum.EasingStyle.Linear, Enum.EasingDirection.In, 0, false, 0), {C0 = CFrame.new(-0.0238768011, 0.327673912, -0.254318058, -0.992353678, -0.123079889, 0.00924964435, 0.00633923057, 0.0240171831, 0.999691427, -0.123264059, 0.99210614, -0.0230533071)}) tween1:Play() tablesorting(part1, tween1)
		tween5 = ts:Create(part5, TweenInfo.new(0.01666666567325592, Enum.EasingStyle.Linear, Enum.EasingDirection.In, 0, false, 0), {C0 = CFrame.new(-1.26698983, -0.857325792, -0.881546676, 0.295553029, -0.0849008709, -0.951546311, 0.290576905, 0.956839204, 0.00488087954, 0.910062253, -0.277939916, 0.307467043)}) tween5:Play() tablesorting(part5, tween5)
		tween2 = ts:Create(part2, TweenInfo.new(0.01666666567325592, Enum.EasingStyle.Linear, Enum.EasingDirection.In, 0, false, 0), {C0 = CFrame.new(1.0351547, 0.968622506, 0.0163421258, -0.439576298, 0.433426589, 0.786710978, 0.292491287, -0.759056151, 0.581620693, 0.849247634, 0.485772759, 0.206889674)}) tween2:Play() tablesorting(part2, tween2)
		tween3 = ts:Create(part3, TweenInfo.new(0.01666666567325592, Enum.EasingStyle.Linear, Enum.EasingDirection.In, 0, false, 0), {C0 = CFrame.new(-1.00646996, 0.143724501, -0.288580835, -0.0524119735, -0.712074518, -0.700144649, -0.942673087, -0.196108103, 0.270016998, -0.329576135, 0.674159884, -0.660975337)}) tween3:Play() tablesorting(part3, tween3)
		tween6 = ts:Create(part6, TweenInfo.new(0.01666666567325592, Enum.EasingStyle.Linear, Enum.EasingDirection.In, 0, false, 0), {C0 = CFrame.new(0.00485331751, 0.977819085, 0.00149270368, -0.99206543, 0.103003226, -0.0720874816, -0.0470124558, 0.227856278, 0.972559154, 0.116602361, 0.96823132, -0.221205875)}) tween6:Play() tablesorting(part6, tween6)
		tween4 = ts:Create(part4, TweenInfo.new(0.01666666567325592, Enum.EasingStyle.Linear, Enum.EasingDirection.In, 0, false, 0), {C0 = CFrame.new(1.11955762, -0.310902119, -0.659354985, 0.396962106, -0.00241325353, 0.917831898, -0.22617805, 0.968901157, 0.100369446, -0.88953054, -0.247436211, 0.38407129)}) tween4:Play() tablesorting(part4, tween4)
		task.wait(0.014)

		if afterframe() then
			return
		end

		--13, 0.25
		tween1 = ts:Create(part1, TweenInfo.new(0.016666680574417114, Enum.EasingStyle.Linear, Enum.EasingDirection.In, 0, false, 0), {C0 = CFrame.new(-0.021926485, 0.309042931, -0.255000949, -0.992038667, -0.125556484, 0.00974948518, 0.00687279319, 0.023324389, 0.999704421, -0.125746757, 0.991812348, -0.0222757682)}) tween1:Play() tablesorting(part1, tween1)
		tween5 = ts:Create(part5, TweenInfo.new(0.016666680574417114, Enum.EasingStyle.Linear, Enum.EasingDirection.In, 0, false, 0), {C0 = CFrame.new(-1.26681674, -0.850214124, -0.880942523, 0.298412591, -0.080035314, -0.951075315, 0.285995126, 0.958187819, 0.0091009289, 0.910580277, -0.274718791, 0.308825046)}) tween5:Play() tablesorting(part5, tween5)
		tween2 = ts:Create(part2, TweenInfo.new(0.016666680574417114, Enum.EasingStyle.Linear, Enum.EasingDirection.In, 0, false, 0), {C0 = CFrame.new(1.04070485, 0.94917357, 0.00949804485, -0.417253941, 0.450236857, 0.78942138, 0.307261705, -0.747605085, 0.588792741, 0.855271578, 0.488235056, 0.173600659)}) tween2:Play() tablesorting(part2, tween2)
		tween3 = ts:Create(part3, TweenInfo.new(0.016666680574417114, Enum.EasingStyle.Linear, Enum.EasingDirection.In, 0, false, 0), {C0 = CFrame.new(-1.00344777, 0.14847523, -0.291512132, -0.0430193134, -0.699225128, -0.713606179, -0.944590271, -0.204186618, 0.257015795, -0.325420588, 0.685122073, -0.651697159)}) tween3:Play() tablesorting(part3, tween3)
		tween6 = ts:Create(part6, TweenInfo.new(0.016666680574417114, Enum.EasingStyle.Linear, Enum.EasingDirection.In, 0, false, 0), {C0 = CFrame.new(0.00485331891, 0.977819264, 0.00149272219, -0.991875052, 0.10498888, -0.0718425065, -0.0464053787, 0.227219641, 0.972737312, 0.118450664, 0.968167722, -0.220501423)}) tween6:Play() tablesorting(part6, tween6)
		tween4 = ts:Create(part4, TweenInfo.new(0.016666680574417114, Enum.EasingStyle.Linear, Enum.EasingDirection.In, 0, false, 0), {C0 = CFrame.new(1.11640561, -0.323887944, -0.675330102, 0.393381029, -0.00440882333, 0.919364989, -0.241292268, 0.964438856, 0.107869864, -0.887146771, -0.264269531, 0.378327966)}) tween4:Play() tablesorting(part4, tween4)
		task.wait(0.014)

		if afterframe() then
			return
		end

		--14, 0.2666666805744171
		tween1 = ts:Create(part1, TweenInfo.new(0.016666650772094727, Enum.EasingStyle.Linear, Enum.EasingDirection.In, 0, false, 0), {C0 = CFrame.new(-0.0198491868, 0.287719965, -0.255947113, -0.991712749, -0.128065571, 0.0102555789, 0.00741359638, 0.0226486232, 0.999716103, -0.128261477, 0.991507053, -0.0215115026)}) tween1:Play() tablesorting(part1, tween1)
		tween5 = ts:Create(part5, TweenInfo.new(0.016666650772094727, Enum.EasingStyle.Linear, Enum.EasingDirection.In, 0, false, 0), {C0 = CFrame.new(-1.26663148, -0.842649043, -0.880508125, 0.301263392, -0.0750549659, -0.950582623, 0.281237692, 0.959545016, 0.0133686299, 0.911123276, -0.271367133, 0.310184091)}) tween5:Play() tablesorting(part5, tween5)
		tween2 = ts:Create(part2, TweenInfo.new(0.016666650772094727, Enum.EasingStyle.Linear, Enum.EasingDirection.In, 0, false, 0), {C0 = CFrame.new(1.04655123, 0.928740025, 0.00228247046, -0.393441856, 0.46809268, 0.791260362, 0.323186606, -0.73531878, 0.595698416, 0.860670686, 0.490097493, 0.138023928)}) tween2:Play() tablesorting(part2, tween2)
		tween3 = ts:Create(part3, TweenInfo.new(0.016666650772094727, Enum.EasingStyle.Linear, Enum.EasingDirection.In, 0, false, 0), {C0 = CFrame.new(-1.00026119, 0.153482974, -0.294598997, -0.0330475681, -0.685382962, -0.727432311, -0.946481168, -0.212345213, 0.243069664, -0.321062505, 0.696534097, -0.641684949)}) tween3:Play() tablesorting(part3, tween3)
		tween6 = ts:Create(part6, TweenInfo.new(0.016666650772094727, Enum.EasingStyle.Linear, Enum.EasingDirection.In, 0, false, 0), {C0 = CFrame.new(0.00485331239, 0.977818847, 0.00149269833, -0.991675556, 0.107007243, -0.0716185793, -0.0458144434, 0.2265798, 0.972914577, 0.1203361, 0.968096673, -0.219791248)}) tween6:Play() tablesorting(part6, tween6)
		tween4 = ts:Create(part4, TweenInfo.new(0.016666650772094727, Enum.EasingStyle.Linear, Enum.EasingDirection.In, 0, false, 0), {C0 = CFrame.new(1.11324227, -0.338431597, -0.691638172, 0.389852196, -0.00651332736, 0.920854509, -0.257183135, 0.959415495, 0.115666844, -0.884235442, -0.281921148, 0.372355044)}) tween4:Play() tablesorting(part4, tween4)
		task.wait(0.014)

		if afterframe() then
			return
		end

		--15, 0.28333333134651184
		tween1 = ts:Create(part1, TweenInfo.new(0.016666680574417114, Enum.EasingStyle.Linear, Enum.EasingDirection.In, 0, false, 0), {C0 = CFrame.new(-0.0177016519, 0.263920784, -0.257168621, -0.991382122, -0.1305601, 0.0107581932, 0.00795166101, 0.0219984166, 0.999726474, -0.130761042, 0.991196394, -0.0207706671)}) tween1:Play() tablesorting(part1, tween1)
		tween5 = ts:Create(part5, TweenInfo.new(0.016666680574417114, Enum.EasingStyle.Linear, Enum.EasingDirection.In, 0, false, 0), {C0 = CFrame.new(-1.26640451, -0.834677458, -0.880235732, 0.304058343, -0.0699779615, -0.950079799, 0.276307404, 0.96090728, 0.0176524967, 0.911703169, -0.267881542, 0.311507255)}) tween5:Play() tablesorting(part5, tween5)
		tween2 = ts:Create(part2, TweenInfo.new(0.016666680574417114, Enum.EasingStyle.Linear, Enum.EasingDirection.In, 0, false, 0), {C0 = CFrame.new(1.05270231, 0.907298088, -0.00531809777, -0.368101746, 0.4870103, 0.792036772, 0.340321511, -0.722164333, 0.602212489, 0.865264356, 0.49122262, 0.100089893)}) tween2:Play() tablesorting(part2, tween2)
		tween3 = ts:Create(part3, TweenInfo.new(0.016666680574417114, Enum.EasingStyle.Linear, Enum.EasingDirection.In, 0, false, 0), {C0 = CFrame.new(-0.996905565, 0.158754945, -0.297846019, -0.0224647503, -0.670484662, -0.741583169, -0.948322535, -0.220547572, 0.228130251, -0.316512167, 0.708384991, -0.630881131)}) tween3:Play() tablesorting(part3, tween3)
		tween6 = ts:Create(part6, TweenInfo.new(0.016666680574417114, Enum.EasingStyle.Linear, Enum.EasingDirection.In, 0, false, 0), {C0 = CFrame.new(0.00485331193, 0.977819324, 0.00149272534, -0.99147284, 0.109015301, -0.0713965893, -0.0452314876, 0.225929305, 0.973093092, 0.122212663, 0.968024671, -0.21907188)}) tween6:Play() tablesorting(part6, tween6)
		tween4 = ts:Create(part4, TweenInfo.new(0.016666680574417114, Enum.EasingStyle.Linear, Enum.EasingDirection.In, 0, false, 0), {C0 = CFrame.new(1.11011124, -0.354506552, -0.708022237, 0.386444807, -0.00872096326, 0.922271371, -0.273694485, 0.953828812, 0.123701163, -0.880767703, -0.300224245, 0.366215289)}) tween4:Play() tablesorting(part4, tween4)
		task.wait(0.014)

		if afterframe() then
			return
		end

		--16, 0.30000001192092896
		tween1 = ts:Create(part1, TweenInfo.new(0.016666650772094727, Enum.EasingStyle.Linear, Enum.EasingDirection.In, 0, false, 0), {C0 = CFrame.new(-0.0155405253, 0.237860918, -0.258677483, -0.991053164, -0.132992879, 0.0112477131, 0.00847690273, 0.0213821735, 0.999735534, -0.133198187, 0.99088639, -0.0200635046)}) tween1:Play() tablesorting(part1, tween1)
		tween5 = ts:Create(part5, TweenInfo.new(0.016666650772094727, Enum.EasingStyle.Linear, Enum.EasingDirection.In, 0, false, 0), {C0 = CFrame.new(-1.2661097, -0.82634598, -0.880123019, 0.306750536, -0.0648251101, -0.949579835, 0.27121076, 0.962270379, 0.0219199564, 0.912331522, -0.264260232, 0.312758267)}) tween5:Play() tablesorting(part5, tween5)
		tween2 = ts:Create(part2, TweenInfo.new(0.016666650772094727, Enum.EasingStyle.Linear, Enum.EasingDirection.In, 0, false, 0), {C0 = CFrame.new(1.0591656, 0.884823084, -0.0133174211, -0.341208369, 0.506995678, 0.791537941, 0.358716041, -0.708113492, 0.608192503, 0.868849695, 0.49145785, 0.0597467758)}) tween2:Play() tablesorting(part2, tween2)
		tween3 = ts:Create(part3, TweenInfo.new(0.016666650772094727, Enum.EasingStyle.Linear, Enum.EasingDirection.In, 0, false, 0), {C0 = CFrame.new(-0.993375301, 0.164298475, -0.301258504, -0.0112381512, -0.654460371, -0.756012619, -0.950086474, -0.228754044, 0.212149426, -0.311784297, 0.7206617, -0.619223297)}) tween3:Play() tablesorting(part3, tween3)
		tween6 = ts:Create(part6, TweenInfo.new(0.016666650772094727, Enum.EasingStyle.Linear, Enum.EasingDirection.In, 0, false, 0), {C0 = CFrame.new(0.0048533082, 0.977819383, 0.00149269321, -0.991273046, 0.110970303, -0.0711576194, -0.0446483791, 0.225260198, 0.973275065, 0.124033712, 0.96795845, -0.218339741)}) tween6:Play() tablesorting(part6, tween6)
		tween4 = ts:Create(part4, TweenInfo.new(0.016666650772094727, Enum.EasingStyle.Linear, Enum.EasingDirection.In, 0, false, 0), {C0 = CFrame.new(1.10705531, -0.372065306, -0.724224687, 0.383223921, -0.0110229664, 0.923589766, -0.290667385, 0.947686851, 0.131916746, -0.876728058, -0.319011092, 0.359972239)}) tween4:Play() tablesorting(part4, tween4)
		task.wait(0.014)

		if afterframe() then
			return
		end

		--17, 0.3166666626930237
		tween1 = ts:Create(part1, TweenInfo.new(0.016666680574417114, Enum.EasingStyle.Linear, Enum.EasingDirection.In, 0, false, 0), {C0 = CFrame.new(-0.0134223402, 0.209755898, -0.260485947, -0.990733206, -0.135316804, 0.0117146363, 0.00897913985, 0.0208081901, 0.999743164, -0.135525823, 0.990583837, -0.0194003377)}) tween1:Play() tablesorting(part1, tween1)
		tween5 = ts:Create(part5, TweenInfo.new(0.016666680574417114, Enum.EasingStyle.Linear, Enum.EasingDirection.In, 0, false, 0), {C0 = CFrame.new(-1.26572216, -0.817701876, -0.880162716, 0.309294999, -0.0596201457, -0.949095488, 0.265954733, 0.963631094, 0.0261371247, 0.913019419, -0.26050058, 0.313902557)}) tween5:Play() tablesorting(part5, tween5)
		tween2 = ts:Create(part2, TweenInfo.new(0.016666680574417114, Enum.EasingStyle.Linear, Enum.EasingDirection.In, 0, false, 0), {C0 = CFrame.new(1.06594872, 0.86129272, -0.0217299163, -0.312752783, 0.528040707, 0.789530754, 0.37841177, -0.693145752, 0.613476515, 0.871200442, 0.490634203, 0.0169664584)}) tween2:Play() tablesorting(part2, tween2)
		tween3 = ts:Create(part3, TweenInfo.new(0.016666680574417114, Enum.EasingStyle.Linear, Enum.EasingDirection.In, 0, false, 0), {C0 = CFrame.new(-0.989665329, 0.170122623, -0.304841369, 0.000665473926, -0.637240648, -0.770664573, -0.951742828, -0.236917764, 0.195078716, -0.30689618, 0.733344615, -0.606646836)}) tween3:Play() tablesorting(part3, tween3)
		tween6 = ts:Create(part6, TweenInfo.new(0.016666680574417114, Enum.EasingStyle.Linear, Enum.EasingDirection.In, 0, false, 0), {C0 = CFrame.new(0.00485331938, 0.977819085, 0.00149271812, -0.991082847, 0.112829305, -0.0708828717, -0.0440571904, 0.224565059, 0.973462641, 0.125752896, 0.967905045, -0.217591599)}) tween6:Play() tablesorting(part6, tween6)
