function animation(character)
	local ts = game:GetService("TweenService")
	local canceldb = false
	local root = character:FindFirstChild("HumanoidRootPart", true)
	local part1 = character["HumanoidRootPart"]["RootJoint"]	
	local part2 = character["Torso"]["Right Shoulder"]
	local part3 = character["Torso"]["Left Shoulder"]
	local part4 = character["Torso"]["Right Hip"]
	local part5 = character["Torso"]["Left Hip"]
	local part6 = character["Torso"]["Neck"]
	local val = 2 --Action
	local tweens = {}
	local function tablesorting(part, tween)
		for i, v in pairs(tweens) do
			if v.Instance == part then
				table.remove(tweens, table.find(tweens, v))
			end
		end
		table.insert(tweens, tween)
	end
	local tween1, tween2, tween3, tween4, tween5, tween6

	local priority = root:FindFirstChild("priority")
	if not priority then
		priority = Instance.new("NumberValue", root)
		priority.Name = "priority"
	end

	local anims = root:FindFirstChild("anims")
	if not anims then
		anims = Instance.new("Folder", root)
		anims.Name = "anims"
	end
	local animvalue = anims:FindFirstChild("5")
	if not animvalue then
		animvalue = Instance.new("BoolValue", anims)
		animvalue.Value = true
		animvalue.Name = "5"
	end
	animvalue.Value = true

	local function afterframe()
		if canceldb or not character or not part1 then
			return true
		else
			return false
		end
	end

	if afterframe() then
		animvalue.Value = false
		return false
	end
	priority.Value = val
	local connect
	local connect2
	connect = priority.Changed:Connect(function()
		if priority.Value > val then
			for i, v in pairs(tweens) do
				if v and v.PlaybackState == Enum.PlaybackState.Playing then
					v:Cancel()
				end
			end
			canceldb = true
			connect2:Disconnect()
			connect:Disconnect()
		else
			priority.Value = val
		end
	end)
	connect2 = animvalue.Changed:Connect(function()
		if not animvalue.Value then
			for i, v in pairs(tweens) do
				if v and v.PlaybackState == Enum.PlaybackState.Playing then
					v:Cancel()
				end
			end
			canceldb = true
			connect:Disconnect()
			if priority.Value <= val then
				priority.Value = 0
			end
			connect2:Disconnect()
		--smooth transition
		tween1 = ts:Create(part1, TweenInfo.new(0.5), {C0 = CFrame.new(0, 0, 0, -1, 0, 0, 0, 0, 1, 0, 1, -0)}) tween1:Play() tablesorting(part1, tween1)
		tween2 = ts:Create(part2, TweenInfo.new(0.5), {C0 = CFrame.new(1, 0.5, 0, 0, 0, 1, 0, 1, -0, -1, 0, 0)}) tween2:Play() tablesorting(part2, tween2)
		tween3 = ts:Create(part3, TweenInfo.new(0.5), {C0 = CFrame.new(-1, 0.5, 0, 0, 0, -1, 0, 1, 0, 1, 0, 0)}) tween3:Play() tablesorting(part3, tween3)
		tween4 = ts:Create(part4, TweenInfo.new(0.5), {C0 = CFrame.new(1, -1, 0, 0, 0, 1, 0, 1, -0, -1, 0, 0)}) tween4:Play() tablesorting(part4, tween4)
		tween5 = ts:Create(part5, TweenInfo.new(0.5), {C0 = CFrame.new(-1, -1, 0, 0, 0, -1, 0, 1, 0, 1, 0, 0)}) tween5:Play() tablesorting(part5, tween5)
		tween6 = ts:Create(part6, TweenInfo.new(0.5), {C0 = CFrame.new(0, 1, 0, -1, 0, 0, 0, 0, 1, 0, 1, -0)}) tween6:Play() tablesorting(part6, tween6)
		end
	end)
	if true then
		--1, 0
		tween1 = ts:Create(part1, TweenInfo.new(0.01666666753590107, Enum.EasingStyle.Linear, Enum.EasingDirection.In, 0, false, 0), {C0 = CFrame.new(0.0151924305, -0.43507576, -0.368695825, -0.997537255, -0.070003733, -0.00435330765, -0.0181299336, 0.197394684, 0.980156541, -0.0677552894, 0.977821469, -0.19817774)}) tween1:Play() tablesorting(part1, tween1)
		tween5 = ts:Create(part5, TweenInfo.new(0.01666666753590107, Enum.EasingStyle.Linear, Enum.EasingDirection.In, 0, false, 0), {C0 = CFrame.new(-1.15463495, -0.563775063, -0.701945543, 0.235822394, 0.0994910374, -0.966689944, -0.229721591, 0.972260177, 0.044024162, 0.9442541, 0.211687639, 0.252135932)}) tween5:Play() tablesorting(part5, tween5)
		tween2 = ts:Create(part2, TweenInfo.new(0.01666666753590107, Enum.EasingStyle.Linear, Enum.EasingDirection.In, 0, false, 0), {C0 = CFrame.new(1.40064037, 0.0212446451, -0.331123173, 0.238293961, 0.970864475, -0.0252648499, 0.944617748, -0.225650951, 0.238283485, 0.225639895, -0.0806471184, -0.970867097)}) tween2:Play() tablesorting(part2, tween2)
		tween3 = ts:Create(part3, TweenInfo.new(0.01666666753590107, Enum.EasingStyle.Linear, Enum.EasingDirection.In, 0, false, 0), {C0 = CFrame.new(-0.862164259, 0.380381644, -0.435010761, 0.369505405, 0.012494361, -0.929144681, -0.90740931, -0.210560858, -0.363692999, -0.200185567, 0.977500975, -0.0664659217)}) tween3:Play() tablesorting(part3, tween3)
		tween6 = ts:Create(part6, TweenInfo.new(0.01666666753590107, Enum.EasingStyle.Linear, Enum.EasingDirection.In, 0, false, 0), {C0 = CFrame.new(0.00485332869, 0.977819085, 0.00149278913, -0.997953296, 0.0408682637, -0.0491845794, -0.048174452, 0.0253454912, 0.998517394, 0.0420542881, 0.998843074, -0.0233248435)}) tween6:Play() tablesorting(part6, tween6)
		tween4 = ts:Create(part4, TweenInfo.new(0.01666666753590107, Enum.EasingStyle.Linear, Enum.EasingDirection.In, 0, false, 0), {C0 = CFrame.new(1.13423252, -0.784959912, -0.52972436, 0.418795705, 0.0327829607, 0.907488644, -0.311624676, 0.94385004, 0.109714694, -0.852936268, -0.328743875, 0.405496269)}) tween4:Play() tablesorting(part4, tween4)
		task.wait(0.014)

		if afterframe() then
			return
		end

		--2, 0.01666666753590107
		tween1 = ts:Create(part1, TweenInfo.new(0.01666666753590107, Enum.EasingStyle.Linear, Enum.EasingDirection.In, 0, false, 0), {C0 = CFrame.new(0.015024025, -0.434900284, -0.368158638, -0.997564256, -0.0696033537, -0.00457508396, -0.0182235949, 0.196748033, 0.98028481, -0.0673309565, 0.977980375, -0.197537258)}) tween1:Play() tablesorting(part1, tween1)
		tween5 = ts:Create(part5, TweenInfo.new(0.01666666753590107, Enum.EasingStyle.Linear, Enum.EasingDirection.In, 0, false, 0), {C0 = CFrame.new(-1.15441215, -0.564172626, -0.702407897, 0.235417634, 0.0995328948, -0.966784239, -0.229218692, 0.97236675, 0.044291541, 0.94447732, 0.21117799, 0.251727045)}) tween5:Play() tablesorting(part5, tween5)
		tween2 = ts:Create(part2, TweenInfo.new(0.01666666753590107, Enum.EasingStyle.Linear, Enum.EasingDirection.In, 0, false, 0), {C0 = CFrame.new(1.4006387, 0.0212418735, -0.33111304, 0.238327026, 0.970864236, -0.024956502, 0.944613576, -0.225760192, 0.238196388, 0.225622147, -0.0803425908, -0.970896304)}) tween2:Play() tablesorting(part2, tween2)
		tween3 = ts:Create(part3, TweenInfo.new(0.01666666753590107, Enum.EasingStyle.Linear, Enum.EasingDirection.In, 0, false, 0), {C0 = CFrame.new(-0.862144232, 0.380336821, -0.435021162, 0.369504184, 0.0131031256, -0.929136693, -0.907079756, -0.211928129, -0.363721043, -0.201676056, 0.977197468, -0.0664229318)}) tween3:Play() tablesorting(part3, tween3)
		tween6 = ts:Create(part6, TweenInfo.new(0.01666666753590107, Enum.EasingStyle.Linear, Enum.EasingDirection.In, 0, false, 0), {C0 = CFrame.new(0.00485331658, 0.977819145, 0.00149271847, -0.997990429, 0.0402200036, -0.0489647798, -0.0479511581, 0.0257920083, 0.998516619, 0.0414232947, 0.998857915, -0.0238116477)}) tween6:Play() tablesorting(part6, tween6)
		tween4 = ts:Create(part4, TweenInfo.new(0.01666666753590107, Enum.EasingStyle.Linear, Enum.EasingDirection.In, 0, false, 0), {C0 = CFrame.new(1.13444269, -0.785630882, -0.529526532, 0.419076085, 0.0330839604, 0.907348275, -0.312363982, 0.943588018, 0.109865859, -0.852527976, -0.329464942, 0.405769378)}) tween4:Play() tablesorting(part4, tween4)
		task.wait(0.014)

		if afterframe() then
			return
		end

		--3, 0.03333333507180214
		tween1 = ts:Create(part1, TweenInfo.new(0.01666666567325592, Enum.EasingStyle.Linear, Enum.EasingDirection.In, 0, false, 0), {C0 = CFrame.new(0.0148536675, -0.434728861, -0.367606938, -0.997589588, -0.0692241937, -0.00479979254, -0.0183235779, 0.196081951, 0.980416298, -0.0669273734, 0.978141069, -0.196877748)}) tween1:Play() tablesorting(part1, tween1)
		tween5 = ts:Create(part5, TweenInfo.new(0.01666666567325592, Enum.EasingStyle.Linear, Enum.EasingDirection.In, 0, false, 0), {C0 = CFrame.new(-1.15419364, -0.564564109, -0.702879965, 0.235031471, 0.0995868221, -0.966872633, -0.228682816, 0.972479999, 0.0445751958, 0.944703341, 0.210630566, 0.251337111)}) tween5:Play() tablesorting(part5, tween5)
		tween2 = ts:Create(part2, TweenInfo.new(0.01666666567325592, Enum.EasingStyle.Linear, Enum.EasingDirection.In, 0, false, 0), {C0 = CFrame.new(1.40063703, 0.0212390423, -0.331103176, 0.238361359, 0.970863521, -0.02465472, 0.944606781, -0.225867957, 0.238121331, 0.225614622, -0.0800477415, -0.97092247)}) tween2:Play() tablesorting(part2, tween2)
		tween3 = ts:Create(part3, TweenInfo.new(0.01666666567325592, Enum.EasingStyle.Linear, Enum.EasingDirection.In, 0, false, 0), {C0 = CFrame.new(-0.862124622, 0.380290091, -0.435031742, 0.369501144, 0.0137014594, -0.929129362, -0.906739771, -0.213340268, -0.363743067, -0.203204453, 0.976881862, -0.0664060339)}) tween3:Play() tablesorting(part3, tween3)
		tween6 = ts:Create(part6, TweenInfo.new(0.01666666567325592, Enum.EasingStyle.Linear, Enum.EasingDirection.In, 0, false, 0), {C0 = CFrame.new(0.00485331658, 0.977819383, 0.00149271777, -0.998025775, 0.039606344, -0.0487451181, -0.0477265045, 0.026270682, 0.998514891, 0.040828038, 0.998870015, -0.0243285354)}) tween6:Play() tablesorting(part6, tween6)
		tween4 = ts:Create(part4, TweenInfo.new(0.01666666567325592, Enum.EasingStyle.Linear, Enum.EasingDirection.In, 0, false, 0), {C0 = CFrame.new(1.13464415, -0.786309361, -0.529353142, 0.419337124, 0.0333813317, 0.907216787, -0.313122123, 0.943318427, 0.110022761, -0.852121413, -0.330206186, 0.40602079)}) tween4:Play() tablesorting(part4, tween4)
		task.wait(0.014)

		if afterframe() then
			return
		end

		--4, 0.05000000074505806
		tween1 = ts:Create(part1, TweenInfo.new(0.01666666939854622, Enum.EasingStyle.Linear, Enum.EasingDirection.In, 0, false, 0), {C0 = CFrame.new(0.014681356, -0.434561253, -0.367040217, -0.997613192, -0.0688670576, -0.0050274455, -0.0184300132, 0.19539611, 0.980551243, -0.06654533, 0.978303492, -0.196198955)}) tween1:Play() tablesorting(part1, tween1)
		tween5 = ts:Create(part5, TweenInfo.new(0.01666666939854622, Enum.EasingStyle.Linear, Enum.EasingDirection.In, 0, false, 0), {C0 = CFrame.new(-1.1539793, -0.564951897, -0.703362584, 0.234664693, 0.0996528938, -0.966954947, -0.228112713, 0.972599983, 0.0448753051, 0.944932282, 0.210044041, 0.250966936)}) tween5:Play() tablesorting(part5, tween5)
		tween2 = ts:Create(part2, TweenInfo.new(0.01666666939854622, Enum.EasingStyle.Linear, Enum.EasingDirection.In, 0, false, 0), {C0 = CFrame.new(1.40063524, 0.0212354362, -0.331093609, 0.238397256, 0.97086221, -0.0243593473, 0.944596946, -0.225974798, 0.238058716, 0.225617617, -0.0797620937, -0.970945358)}) tween2:Play() tablesorting(part2, tween2)
		tween3 = ts:Create(part3, TweenInfo.new(0.01666666939854622, Enum.EasingStyle.Linear, Enum.EasingDirection.In, 0, false, 0), {C0 = CFrame.new(-0.862105012, 0.380241752, -0.435042471, 0.369496256, 0.0142891388, -0.929122388, -0.906389058, -0.21479845, -0.363758862, -0.204771817, 0.976553917, -0.0664158165)}) tween3:Play() tablesorting(part3, tween3)
		tween6 = ts:Create(part6, TweenInfo.new(0.01666666939854622, Enum.EasingStyle.Linear, Enum.EasingDirection.In, 0, false, 0), {C0 = CFrame.new(0.00485331472, 0.977818966, 0.00149264641, -0.998059154, 0.0390283987, -0.0485257655, -0.0475005098, 0.0267817713, 0.998512208, 0.0402700044, 0.998879194, -0.0248759948)}) tween6:Play() tablesorting(part6, tween6)
		tween4 = ts:Create(part4, TweenInfo.new(0.01666666939854622, Enum.EasingStyle.Linear, Enum.EasingDirection.In, 0, false, 0), {C0 = CFrame.new(1.13483655, -0.786996067, -0.52920568, 0.419578195, 0.0336752459, 0.907094419, -0.313899547, 0.943040967, 0.110185057, -0.851716578, -0.330967754, 0.406250119)}) tween4:Play() tablesorting(part4, tween4)
		task.wait(0.014)

		if afterframe() then
			return
		end

		--5, 0.06666667014360428
		tween1 = ts:Create(part1, TweenInfo.new(0.01666666567325592, Enum.EasingStyle.Linear, Enum.EasingDirection.In, 0, false, 0), {C0 = CFrame.new(0.0145070869, -0.434397221, -0.366458386, -0.997635007, -0.0685326904, -0.0052580554, -0.0185430218, 0.194690287, 0.980689466, -0.0661855862, 0.978467703, -0.195500657)}) tween1:Play() tablesorting(part1, tween1)
		tween5 = ts:Create(part5, TweenInfo.new(0.01666666567325592, Enum.EasingStyle.Linear, Enum.EasingDirection.In, 0, false, 0), {C0 = CFrame.new(-1.15377021, -0.565335035, -0.703853846, 0.234317809, 0.0997318253, -0.967030942, -0.227509424, 0.972726643, 0.0451922044, 0.945163786, 0.209419295, 0.250616997)}) tween5:Play() tablesorting(part5, tween5)
		tween2 = ts:Create(part2, TweenInfo.new(0.01666666567325592, Enum.EasingStyle.Linear, Enum.EasingDirection.In, 0, false, 0), {C0 = CFrame.new(1.40063345, 0.0212320387, -0.331084251, 0.238434583, 0.970860243, -0.0240701195, 0.94458437, -0.226080552, 0.238008693, 0.225631431, -0.0794855878, -0.970964789)}) tween2:Play() tablesorting(part2, tween2)
		tween3 = ts:Create(part3, TweenInfo.new(0.01666666567325592, Enum.EasingStyle.Linear, Enum.EasingDirection.In, 0, false, 0), {C0 = CFrame.new(-0.862085998, 0.380192071, -0.435053468, 0.369489521, 0.014866042, -0.929116011, -0.906027377, -0.216302544, -0.363768458, -0.206377923, 0.976213276, -0.0664526448)}) tween3:Play() tablesorting(part3, tween3)
		tween6 = ts:Create(part6, TweenInfo.new(0.01666666567325592, Enum.EasingStyle.Linear, Enum.EasingDirection.In, 0, false, 0), {C0 = CFrame.new(0.00485331472, 0.977818787, 0.00149266538, -0.998090804, 0.0384875946, -0.0483067892, -0.0472732671, 0.02732566, 0.998508215, 0.0397501774, 0.998885453, -0.0254540294)}) tween6:Play() tablesorting(part6, tween6)
		tween4 = ts:Create(part4, TweenInfo.new(0.01666666567325592, Enum.EasingStyle.Linear, Enum.EasingDirection.In, 0, false, 0), {C0 = CFrame.new(1.13501978, -0.787690282, -0.529081583, 0.419798881, 0.0339648984, 0.906981468, -0.314694881, 0.942756295, 0.110352732, -0.851314247, -0.331748337, 0.40645656)}) tween4:Play() tablesorting(part4, tween4)
		task.wait(0.014)

		if afterframe() then
			return
		end

		--6, 0.0833333358168602
		tween1 = ts:Create(part1, TweenInfo.new(0.01666666567325592, Enum.EasingStyle.Linear, Enum.EasingDirection.In, 0, false, 0), {C0 = CFrame.new(0.0143308621, -0.43423605, -0.365860999, -0.997655094, -0.0682218671, -0.00549162971, -0.0186627153, 0.193964049, 0.980831087, -0.0658489466, 0.978633642, -0.194782421)}) tween1:Play() tablesorting(part1, tween1)
		tween5 = ts:Create(part5, TweenInfo.new(0.01666666567325592, Enum.EasingStyle.Linear, Enum.EasingDirection.In, 0, false, 0), {C0 = CFrame.new(-1.15356588, -0.565713286, -0.704356313, 0.233991683, 0.099823691, -0.967100382, -0.226870611, 0.972860336, 0.045526512, 0.945398092, 0.208753824, 0.250288218)}) tween5:Play() tablesorting(part5, tween5)
		tween2 = ts:Create(part2, TweenInfo.new(0.01666666567325592, Enum.EasingStyle.Linear, Enum.EasingDirection.In, 0, false, 0), {C0 = CFrame.new(1.4006319, 0.0212291479, -0.33107549, 0.238473147, 0.97085768, -0.0237879921, 0.944568694, -0.226184949, 0.237971544, 0.225656018, -0.0792191252, -0.970980763)}) tween2:Play() tablesorting(part2, tween2)
		tween3 = ts:Create(part3, TweenInfo.new(0.01666666567325592, Enum.EasingStyle.Linear, Enum.EasingDirection.In, 0, false, 0), {C0 = CFrame.new(-0.862067282, 0.380141079, -0.435064942, 0.369480878, 0.0154319089, -0.929110169, -0.90565443, -0.217853963, -0.363771588, -0.208023906, 0.975859404, -0.0665169656)}) tween3:Play() tablesorting(part3, tween3)
		tween6 = ts:Create(part6, TweenInfo.new(0.01666666567325592, Enum.EasingStyle.Linear, Enum.EasingDirection.In, 0, false, 0), {C0 = CFrame.new(0.00485331379, 0.977819383, 0.00149265176, -0.998120546, 0.0379851535, -0.0480883084, -0.0470448509, 0.0279030316, 0.99850297, 0.0392701514, 0.998888731, -0.0260635875)}) tween6:Play() tablesorting(part6, tween6)
		tween4 = ts:Create(part4, TweenInfo.new(0.01666666567325592, Enum.EasingStyle.Linear, Enum.EasingDirection.In, 0, false, 0), {C0 = CFrame.new(1.13519323, -0.788393319, -0.528984904, 0.419998109, 0.0342504121, 0.906878471, -0.315509588, 0.942463756, 0.110525943, -0.850914359, -0.332549393, 0.406639248)}) tween4:Play() tablesorting(part4, tween4)
		task.wait(0.014)

		if afterframe() then
			return
		end

		--7, 0.10000000149011612
		tween1 = ts:Create(part1, TweenInfo.new(0.01666666567325592, Enum.EasingStyle.Linear, Enum.EasingDirection.In, 0, false, 0), {C0 = CFrame.new(0.0141526759, -0.43407774, -0.365247905, -0.997673273, -0.0679353625, -0.0057281889, -0.018789215, 0.193217233, 0.980976105, -0.0655361712, 0.97880137, -0.194044083)}) tween1:Play() tablesorting(part1, tween1)
		tween5 = ts:Create(part5, TweenInfo.new(0.01666666567325592, Enum.EasingStyle.Linear, Enum.EasingDirection.In, 0, false, 0), {C0 = CFrame.new(-1.15336645, -0.566089392, -0.70486623, 0.233687192, 0.0999288261, -0.967163205, -0.226197153, 0.973000586, 0.0458779037, 0.945634723, 0.208048478, 0.249981388)}) tween5:Play() tablesorting(part5, tween5)
		tween2 = ts:Create(part2, TweenInfo.new(0.01666666567325592, Enum.EasingStyle.Linear, Enum.EasingDirection.In, 0, false, 0), {C0 = CFrame.new(1.40063, 0.0212258697, -0.331066906, 0.238513216, 0.97085458, -0.0235134456, 0.944550037, -0.226287976, 0.237947419, 0.225691527, -0.0789632276, -0.970993459)}) tween2:Play() tablesorting(part2, tween2)
		tween3 = ts:Create(part3, TweenInfo.new(0.01666666567325592, Enum.EasingStyle.Linear, Enum.EasingDirection.In, 0, false, 0), {C0 = CFrame.new(-0.862048924, 0.380088329, -0.435076565, 0.369470388, 0.0159865748, -0.929105043, -0.905269802, -0.219452754, -0.363767922, -0.209710002, 0.975492179, -0.0666093901)}) tween3:Play() tablesorting(part3, tween3)
		tween6 = ts:Create(part6, TweenInfo.new(0.01666666567325592, Enum.EasingStyle.Linear, Enum.EasingDirection.In, 0, false, 0), {C0 = CFrame.new(0.00485331938, 0.977819264, 0.00149262231, -0.998148501, 0.0375223383, -0.0478705466, -0.0468153656, 0.0285140686, 0.998496532, 0.0388310552, 0.99888891, -0.0267046578)}) tween6:Play() tablesorting(part6, tween6)
		tween4 = ts:Create(part4, TweenInfo.new(0.01666666567325592, Enum.EasingStyle.Linear, Enum.EasingDirection.In, 0, false, 0), {C0 = CFrame.new(1.13535583, -0.7891047, -0.528912485, 0.42017588, 0.0345313363, 0.906785488, -0.316342413, 0.942163467, 0.110704444, -0.850517333, -0.33337, 0.406798035)}) tween4:Play() tablesorting(part4, tween4)
		task.wait(0.014)

		if afterframe() then
			return
		end

		--8, 0.11666666716337204
		tween1 = ts:Create(part1, TweenInfo.new(0.016666673123836517, Enum.EasingStyle.Linear, Enum.EasingDirection.In, 0, false, 0), {C0 = CFrame.new(0.0139725208, -0.433921814, -0.364618868, -0.997689664, -0.0676739737, -0.00596775115, -0.0189226419, 0.19244945, 0.981124401, -0.0652480945, 0.978970647, -0.193285391)}) tween1:Play() tablesorting(part1, tween1)
		tween5 = ts:Create(part5, TweenInfo.new(0.016666673123836517, Enum.EasingStyle.Linear, Enum.EasingDirection.In, 0, false, 0), {C0 = CFrame.new(-1.15317309, -0.56646198, -0.705385804, 0.233404577, 0.10004773, -0.967219174, -0.225488037, 0.973147631, 0.0462473482, 0.945873976, 0.207301974, 0.249696657)}) tween5:Play() tablesorting(part5, tween5)
		tween2 = ts:Create(part2, TweenInfo.new(0.016666673123836517, Enum.EasingStyle.Linear, Enum.EasingDirection.In, 0, false, 0), {C0 = CFrame.new(1.40062857, 0.0212224722, -0.331058621, 0.23855485, 0.970850766, -0.0232457332, 0.944528341, -0.22638993, 0.237936556, 0.225738272, -0.0787170604, -0.971002519)}) tween2:Play() tablesorting(part2, tween2)
		tween3 = ts:Create(part3, TweenInfo.new(0.016666673123836517, Enum.EasingStyle.Linear, Enum.EasingDirection.In, 0, false, 0), {C0 = CFrame.new(-0.862031162, 0.380032957, -0.435088515, 0.36945805, 0.0165294949, -0.929100394, -0.904873133, -0.221099749, -0.363757551, -0.211436525, 0.975111127, -0.0667302385)}) tween3:Play() tablesorting(part3, tween3)
		tween6 = ts:Create(part6, TweenInfo.new(0.016666673123836517, Enum.EasingStyle.Linear, Enum.EasingDirection.In, 0, false, 0), {C0 = CFrame.new(0.00485332217, 0.977818787, 0.00149269751, -0.998174727, 0.0371006131, -0.0476534963, -0.0465847217, 0.0291590262, 0.998488665, 0.0384341143, 0.998886108, -0.0273775291)}) tween6:Play() tablesorting(part6, tween6)
		tween4 = ts:Create(part4, TweenInfo.new(0.016666673123836517, Enum.EasingStyle.Linear, Enum.EasingDirection.In, 0, false, 0), {C0 = CFrame.new(1.1355083, -0.789825261, -0.528866887, 0.420330673, 0.0348070562, 0.906703115, -0.317193776, 0.94185549, 0.110888481, -0.850123703, -0.334210455, 0.40693137)}) tween4:Play() tablesorting(part4, tween4)
		task.wait(0.014)

		if afterframe() then
			return
		end

		--9, 0.13333334028720856
		tween1 = ts:Create(part1, TweenInfo.new(0.01666666567325592, Enum.EasingStyle.Linear, Enum.EasingDirection.In, 0, false, 0), {C0 = CFrame.new(0.0137903914, -0.433768272, -0.363973558, -0.997704148, -0.0674384311, -0.00621033413, -0.0190631002, 0.191660464, 0.981276155, -0.0649854392, 0.979141653, -0.192506015)}) tween1:Play() tablesorting(part1, tween1)
		tween5 = ts:Create(part5, TweenInfo.new(0.01666666567325592, Enum.EasingStyle.Linear, Enum.EasingDirection.In, 0, false, 0), {C0 = CFrame.new(-1.1529851, -0.566830397, -0.705915093, 0.233145207, 0.100180522, -0.967267931, -0.224742725, 0.973301589, 0.0466346145, 0.946115255, 0.206513748, 0.249435365)}) tween5:Play() tablesorting(part5, tween5)
		tween2 = ts:Create(part2, TweenInfo.new(0.01666666567325592, Enum.EasingStyle.Linear, Enum.EasingDirection.In, 0, false, 0), {C0 = CFrame.new(1.40062678, 0.0212192237, -0.331050873, 0.23859787, 0.970846474, -0.0229854845, 0.944503665, -0.226490378, 0.237939298, 0.225796521, -0.0784816593, -0.971008003)}) tween2:Play() tablesorting(part2, tween2)
		tween3 = ts:Create(part3, TweenInfo.new(0.01666666567325592, Enum.EasingStyle.Linear, Enum.EasingDirection.In, 0, false, 0), {C0 = CFrame.new(-0.862013638, 0.379976839, -0.435100615, 0.369443923, 0.0170605779, -0.92909646, -0.904464126, -0.222795457, -0.363740176, -0.213204041, 0.974715948, -0.0668798909)}) tween3:Play() tablesorting(part3, tween3)
		tween6 = ts:Create(part6, TweenInfo.new(0.01666666567325592, Enum.EasingStyle.Linear, Enum.EasingDirection.In, 0, false, 0), {C0 = CFrame.new(0.00485331938, 0.977818847, 0.00149273383, -0.998199105, 0.0367210135, -0.0474373959, -0.0463530011, 0.0298386998, 0.998479426, 0.0380806625, 0.998880029, -0.0280828718)}) tween6:Play() tablesorting(part6, tween6)
		tween4 = ts:Create(part4, TweenInfo.new(0.01666666567325592, Enum.EasingStyle.Linear, Enum.EasingDirection.In, 0, false, 0), {C0 = CFrame.new(1.13564956, -0.790554345, -0.528847814, 0.420462728, 0.0350777991, 0.906631589, -0.318063557, 0.941539884, 0.111077853, -0.849733353, -0.335070491, 0.407039285)}) tween4:Play() tablesorting(part4, tween4)
		task.wait(0.014)

		if afterframe() then
			return
		end

		--10, 0.15000000596046448
		tween1 = ts:Create(part1, TweenInfo.new(0.01666666567325592, Enum.EasingStyle.Linear, Enum.EasingDirection.In, 0, false, 0), {C0 = CFrame.new(0.0136062726, -0.433616161, -0.363311648, -0.997716665, -0.0672295317, -0.00645596301, -0.0192106999, 0.190849945, 0.981431246, -0.0647490397, 0.979314327, -0.191705689)}) tween1:Play() tablesorting(part1, tween1)
		tween5 = ts:Create(part5, TweenInfo.new(0.01666666567325592, Enum.EasingStyle.Linear, Enum.EasingDirection.In, 0, false, 0), {C0 = CFrame.new(-1.15280306, -0.567196131, -0.706452787, 0.232909247, 0.100327611, -0.967309535, -0.223960415, 0.973462403, 0.0470405146, 0.94635886, 0.205682814, 0.249197766)}) tween5:Play() tablesorting(part5, tween5)
		tween2 = ts:Create(part2, TweenInfo.new(0.01666666567325592, Enum.EasingStyle.Linear, Enum.EasingDirection.In, 0, false, 0), {C0 = CFrame.new(1.40062511, 0.0212156177, -0.331043512, 0.238642484, 0.970841408, -0.0227324273, 0.944475591, -0.226589784, 0.237955734, 0.225866288, -0.0782564208, -0.971010029)}) tween2:Play() tablesorting(part2, tween2)
		tween3 = ts:Create(part3, TweenInfo.new(0.01666666567325592, Enum.EasingStyle.Linear, Enum.EasingDirection.In, 0, false, 0), {C0 = CFrame.new(-0.861996353, 0.379919231, -0.435113311, 0.369427741, 0.0175796654, -0.929093242, -0.904042363, -0.224540502, -0.363715529, -0.215012938, 0.974306226, -0.0670588985)}) tween3:Play() tablesorting(part3, tween3)
		tween6 = ts:Create(part6, TweenInfo.new(0.01666666567325592, Enum.EasingStyle.Linear, Enum.EasingDirection.In, 0, false, 0), {C0 = CFrame.new(0.00485330913, 0.977819145, 0.00149269355, -0.998221576, 0.0363849513, -0.0472223312, -0.0461203381, 0.0305534191, 0.998468578, 0.0377720669, 0.99887073, -0.0288210232)}) tween6:Play() tablesorting(part6, tween6)
		tween4 = ts:Create(part4, TweenInfo.new(0.01666666567325592, Enum.EasingStyle.Linear, Enum.EasingDirection.In, 0, false, 0), {C0 = CFrame.new(1.1357789, -0.791292489, -0.528855085, 0.420570672, 0.0353428125, 0.90657115, -0.318951577, 0.94121635, 0.111272424, -0.849346876, -0.335950285, 0.407120615)}) tween4:Play() tablesorting(part4, tween4)
		task.wait(0.014)

		if afterframe() then
			return
		end

		--11, 0.1666666716337204
		tween1 = ts:Create(part1, TweenInfo.new(0.01666666567325592, Enum.EasingStyle.Linear, Enum.EasingDirection.In, 0, false, 0), {C0 = CFrame.new(0.0134201534, -0.433465958, -0.36263296, -0.997727215, -0.067048043, -0.00670466293, -0.0193655491, 0.190017581, 0.981589675, -0.064539656, 0.979488611, -0.190884143)}) tween1:Play() tablesorting(part1, tween1)
		tween5 = ts:Create(part5, TweenInfo.new(0.01666666567325592, Enum.EasingStyle.Linear, Enum.EasingDirection.In, 0, false, 0), {C0 = CFrame.new(-1.15262651, -0.567561746, -0.70699805, 0.232697576, 0.100489534, -0.967343688, -0.223141849, 0.973629713, 0.0474651121, 0.946604192, 0.20480983, 0.24898465)}) tween5:Play() tablesorting(part5, tween5)
		tween2 = ts:Create(part2, TweenInfo.new(0.01666666567325592, Enum.EasingStyle.Linear, Enum.EasingDirection.In, 0, false, 0), {C0 = CFrame.new(1.40062344, 0.0212119818, -0.331036329, 0.238688618, 0.970835745, -0.0224884078, 0.944444478, -0.226687357, 0.237986177, 0.225947604, -0.0780437142, -0.971008241)}) tween2:Play() tablesorting(part2, tween2)
		tween3 = ts:Create(part3, TweenInfo.new(0.01666666567325592, Enum.EasingStyle.Linear, Enum.EasingDirection.In, 0, false, 0), {C0 = CFrame.new(-0.861979485, 0.379859447, -0.435126066, 0.36940974, 0.0180865135, -0.929090679, -0.903607488, -0.226335809, -0.363683492, -0.216864124, 0.973881483, -0.0672678053)}) tween3:Play() tablesorting(part3, tween3)
		tween6 = ts:Create(part6, TweenInfo.new(0.01666666567325592, Enum.EasingStyle.Linear, Enum.EasingDirection.In, 0, false, 0), {C0 = CFrame.new(0.00485331472, 0.977818906, 0.00149273511, -0.998242199, 0.0360937268, -0.0470084362, -0.045886647, 0.0313033648, 0.998456061, 0.0375094749, 0.998857975, -0.0295922421)}) tween6:Play() tablesorting(part6, tween6)
		tween4 = ts:Create(part4, TweenInfo.new(0.01666666567325592, Enum.EasingStyle.Linear, Enum.EasingDirection.In, 0, false, 0), {C0 = CFrame.new(1.13589621, -0.792041421, -0.528888166, 0.420654655, 0.0356019661, 0.906522095, -0.31985724, 0.940885484, 0.111472234, -0.848964751, -0.336848766, 0.407175273)}) tween4:Play() tablesorting(part4, tween4)
		task.wait(0.014)

		if afterframe() then
			return
		end

		--12, 0.18333333730697632
		tween1 = ts:Create(part1, TweenInfo.new(0.01666666567325592, Enum.EasingStyle.Linear, Enum.EasingDirection.In, 0, false, 0), {C0 = CFrame.new(0.0132320169, -0.433316708, -0.361937165, -0.997735798, -0.0668947473, -0.00695646461, -0.0195277575, 0.189163178, 0.981751502, -0.0643581077, 0.979664445, -0.190041184)}) tween1:Play() tablesorting(part1, tween1)
		tween5 = ts:Create(part5, TweenInfo.new(0.01666666567325592, Enum.EasingStyle.Linear, Enum.EasingDirection.In, 0, false, 0), {C0 = CFrame.new(-1.15245616, -0.567924798, -0.707551241, 0.232510909, 0.100666381, -0.967370212, -0.222285494, 0.973803878, 0.0479087904, 0.946851552, 0.203893006, 0.248796642)}) tween5:Play() tablesorting(part5, tween5)
		tween2 = ts:Create(part2, TweenInfo.new(0.01666666567325592, Enum.EasingStyle.Linear, Enum.EasingDirection.In, 0, false, 0), {C0 = CFrame.new(1.40062213, 0.0212085843, -0.331029594, 0.238736302, 0.970829487, -0.0222508684, 0.944410086, -0.226783887, 0.238031074, 0.226041406, -0.0778406635, -0.971002758)}) tween2:Play() tablesorting(part2, tween2)
		tween3 = ts:Create(part3, TweenInfo.new(0.01666666567325592, Enum.EasingStyle.Linear, Enum.EasingDirection.In, 0, false, 0), {C0 = CFrame.new(-0.861963212, 0.379798472, -0.435139239, 0.369389653, 0.0185807422, -0.929088891, -0.903159082, -0.22818175, -0.363643676, -0.218757808, 0.973441303, -0.0675068125)}) tween3:Play() tablesorting(part3, tween3)
		tween6 = ts:Create(part6, TweenInfo.new(0.01666666567325592, Enum.EasingStyle.Linear, Enum.EasingDirection.In, 0, false, 0), {C0 = CFrame.new(0.00485330913, 0.977818966, 0.00149266212, -0.998260975, 0.0358484797, -0.0467958562, -0.0456519723, 0.0320893042, 0.998441875, 0.0372942649, 0.998841941, -0.0303969309)}) tween6:Play() tablesorting(part6, tween6)
		tween4 = ts:Create(part4, TweenInfo.new(0.01666666567325592, Enum.EasingStyle.Linear, Enum.EasingDirection.In, 0, false, 0), {C0 = CFrame.new(1.13600051, -0.792799592, -0.52894944, 0.420713395, 0.0358548053, 0.906484842, -0.320780993, 0.940546572, 0.1116772, -0.848586977, -0.337767184, 0.407201946)}) tween4:Play() tablesorting(part4, tween4)
		task.wait(0.014)

		if afterframe() then
			return
		end

		--13, 0.20000000298023224
		tween1 = ts:Create(part1, TweenInfo.new(0.01666666567325592, Enum.EasingStyle.Linear, Enum.EasingDirection.In, 0, false, 0), {C0 = CFrame.new(0.0130418483, -0.43316865, -0.361224055, -0.997742295, -0.0667704195, -0.00721139973, -0.0196974203, 0.188286364, 0.981916726, -0.0642051697, 0.979841828, -0.189176515)}) tween1:Play() tablesorting(part1, tween1)
		tween5 = ts:Create(part5, TweenInfo.new(0.01666666567325592, Enum.EasingStyle.Linear, Enum.EasingDirection.In, 0, false, 0), {C0 = CFrame.new(-1.15229261, -0.568287492, -0.708112538, 0.232350171, 0.100858614, -0.967388749, -0.221391797, 0.97398454, 0.0483717807, 0.947100341, 0.20293273, 0.248634622)}) tween5:Play() tablesorting(part5, tween5)
		tween2 = ts:Create(part2, TweenInfo.new(0.01666666567325592, Enum.EasingStyle.Linear, Enum.EasingDirection.In, 0, false, 0), {C0 = CFrame.new(1.4006207, 0.0212053359, -0.331023365, 0.238785401, 0.970822692, -0.0220216177, 0.944372356, -0.226878926, 0.238090068, 0.226146981, -0.0776489079, -0.9709934)}) tween2:Play() tablesorting(part2, tween2)
		tween3 = ts:Create(part3, TweenInfo.new(0.01666666567325592, Enum.EasingStyle.Linear, Enum.EasingDirection.In, 0, false, 0), {C0 = CFrame.new(-0.861947417, 0.379735291, -0.435152948, 0.369367957, 0.0190620739, -0.929087698, -0.902696848, -0.230078489, -0.36359641, -0.220693961, 0.972985387, -0.0677764043)}) tween3:Play() tablesorting(part3, tween3)
		tween6 = ts:Create(part6, TweenInfo.new(0.01666666567325592, Enum.EasingStyle.Linear, Enum.EasingDirection.In, 0, false, 0), {C0 = CFrame.new(0.00485331845, 0.977819204, 0.00149272708, -0.998278022, 0.0356506631, -0.0465847924, -0.0454163626, 0.0329111256, 0.998425901, 0.0371277556, 0.998822331, -0.0312353801)}) tween6:Play() tablesorting(part6, tween6)
		tween4 = ts:Create(part4, TweenInfo.new(0.01666666567325592, Enum.EasingStyle.Linear, Enum.EasingDirection.In, 0, false, 0), {C0 = CFrame.new(1.13609159, -0.793568015, -0.529037058, 0.420746416, 0.0361008346, 0.906459868, -0.32172218, 0.940200031, 0.111887358, -0.848214209, -0.338704318, 0.407200158)}) tween4:Play() tablesorting(part4, tween4)
		task.wait(0.014)

		if afterframe() then
			return
		end

		--14, 0.21666666865348816
		tween1 = ts:Create(part1, TweenInfo.new(0.01666666567325592, Enum.EasingStyle.Linear, Enum.EasingDirection.In, 0, false, 0), {C0 = CFrame.new(0.0128496252, -0.433021069, -0.360493332, -0.997746766, -0.0666757748, -0.00746949902, -0.0198746268, 0.187386796, 0.982085109, -0.0640815943, 0.980020702, -0.188289717)}) tween1:Play() tablesorting(part1, tween1)
		tween5 = ts:Create(part5, TweenInfo.new(0.01666666567325592, Enum.EasingStyle.Linear, Enum.EasingDirection.In, 0, false, 0), {C0 = CFrame.new(-1.15213585, -0.568647921, -0.708681762, 0.232215688, 0.101066329, -0.967399359, -0.220459193, 0.974171996, 0.0488546044, 0.9473508, 0.201927245, 0.248498961)}) tween5:Play() tablesorting(part5, tween5)
		tween2 = ts:Create(part2, TweenInfo.new(0.01666666567325592, Enum.EasingStyle.Linear, Enum.EasingDirection.In, 0, false, 0), {C0 = CFrame.new(1.40061915, 0.021202147, -0.331017494, 0.238836169, 0.970815182, -0.0218011495, 0.944331288, -0.226972356, 0.238164008, 0.226264954, -0.0774696842, -0.970980227)}) tween2:Play() tablesorting(part2, tween2)
		tween3 = ts:Create(part3, TweenInfo.new(0.01666666567325592, Enum.EasingStyle.Linear, Enum.EasingDirection.In, 0, false, 0), {C0 = CFrame.new(-0.861931801, 0.379670829, -0.435166806, 0.369344264, 0.0195304528, -0.92908746, -0.902220249, -0.232027307, -0.363541096, -0.222673714, 0.972513199, -0.0680772364)}) tween3:Play() tablesorting(part3, tween3)
		tween6 = ts:Create(part6, TweenInfo.new(0.01666666567325592, Enum.EasingStyle.Linear, Enum.EasingDirection.In, 0, false, 0), {C0 = CFrame.new(0.00485332683, 0.977819383, 0.00149272429, -0.998293042, 0.0355015099, -0.0463753678, -0.0451797806, 0.0337697715, 0.99840796, 0.0370110795, 0.998798907, -0.0321082063)}) tween6:Play() tablesorting(part6, tween6)
		tween4 = ts:Create(part4, TweenInfo.new(0.01666666567325592, Enum.EasingStyle.Linear, Enum.EasingDirection.In, 0, false, 0), {C0 = CFrame.new(1.13616979, -0.794346452, -0.529152393, 0.42075339, 0.0363401473, 0.906447053, -0.32268098, 0.939845741, 0.112102404, -0.847846448, -0.339660555, 0.407169431)}) tween4:Play() tablesorting(part4, tween4)
		task.wait(0.014)

		if afterframe() then
			return
		end

		--15, 0.23333333432674408
		tween1 = ts:Create(part1, TweenInfo.new(0.01666666567325592, Enum.EasingStyle.Linear, Enum.EasingDirection.In, 0, false, 0), {C0 = CFrame.new(0.012655329, -0.432873249, -0.359744728, -0.997749031, -0.0666116253, -0.00773080392, -0.0200594757, 0.18646425, 0.982256949, -0.0639882088, 0.980201006, -0.187380731)}) tween1:Play() tablesorting(part1, tween1)
		tween5 = ts:Create(part5, TweenInfo.new(0.01666666567325592, Enum.EasingStyle.Linear, Enum.EasingDirection.In, 0, false, 0), {C0 = CFrame.new(-1.15198588, -0.569009006, -0.709257782, 0.232108548, 0.10128995, -0.967401683, -0.219488144, 0.97436589, 0.0493573472, 0.94760257, 0.200876921, 0.248390511)}) tween5:Play() tablesorting(part5, tween5)
		tween2 = ts:Create(part2, TweenInfo.new(0.01666666567325592, Enum.EasingStyle.Linear, Enum.EasingDirection.In, 0, false, 0), {C0 = CFrame.new(1.40061748, 0.0211982429, -0.33101204, 0.238888606, 0.970807016, -0.0215875041, 0.944286704, -0.227064759, 0.238252789, 0.226395741, -0.0773003995, -0.970963299)}) tween2:Play() tablesorting(part2, tween2)
		tween3 = ts:Create(part3, TweenInfo.new(0.01666666567325592, Enum.EasingStyle.Linear, Enum.EasingDirection.In, 0, false, 0), {C0 = CFrame.new(-0.861916661, 0.379603922, -0.435180962, 0.369318694, 0.0199855231, -0.929087937, -0.901728809, -0.234028682, -0.363477379, -0.224697411, 0.972024322, -0.0684098154)}) tween3:Play() tablesorting(part3, tween3)
		tween6 = ts:Create(part6, TweenInfo.new(0.01666666567325592, Enum.EasingStyle.Linear, Enum.EasingDirection.In, 0, false, 0), {C0 = CFrame.new(0.00485331658, 0.977819085, 0.00149277714, -0.998306215, 0.0354022458, -0.0461677425, -0.0449422188, 0.0346652269, 0.998387992, 0.0369456038, 0.998771846, -0.0330154411)}) tween6:Play() tablesorting(part6, tween6)
		tween4 = ts:Create(part4, TweenInfo.new(0.01666666567325592, Enum.EasingStyle.Linear, Enum.EasingDirection.In, 0, false, 0), {C0 = CFrame.new(1.13623321, -0.795136213, -0.529295743, 0.420733243, 0.0365720913, 0.906446993, -0.323657423, 0.939483702, 0.112322614, -0.847484171, -0.340636134, 0.407108754)}) tween4:Play() tablesorting(part4, tween4)
		task.wait(0.014)

		if afterframe() then
			return
		end

		--16, 0.25
		tween1 = ts:Create(part1, TweenInfo.new(0.016666680574417114, Enum.EasingStyle.Linear, Enum.EasingDirection.In, 0, false, 0), {C0 = CFrame.new(0.0124589279, -0.432725906, -0.358977914, -0.99774915, -0.0665787309, -0.00799535681, -0.0202520601, 0.185518369, 0.982432067, -0.0639257878, 0.980382681, -0.186449155)}) tween1:Play() tablesorting(part1, tween1)
		tween5 = ts:Create(part5, TweenInfo.new(0.016666680574417114, Enum.EasingStyle.Linear, Enum.EasingDirection.In, 0, false, 0), {C0 = CFrame.new(-1.15184307, -0.569370866, -0.709840834, 0.232029498, 0.10152965, -0.967395544, -0.218477249, 0.97456646, 0.0498805307, 0.947855413, 0.199780166, 0.24831003)}) tween5:Play() tablesorting(part5, tween5)
		tween2 = ts:Create(part2, TweenInfo.new(0.016666680574417114, Enum.EasingStyle.Linear, Enum.EasingDirection.In, 0, false, 0), {C0 = CFrame.new(1.40061617, 0.0211945474, -0.331006974, 0.23894237, 0.970798314, -0.0213837717, 0.944238663, -0.22715497, 0.238356739, 0.226538897, -0.0771448314, -0.970942199)}) tween2:Play() tablesorting(part2, tween2)
		tween3 = ts:Create(part3, TweenInfo.new(0.016666680574417114, Enum.EasingStyle.Linear, Enum.EasingDirection.In, 0, false, 0), {C0 = CFrame.new(-0.861901999, 0.379535407, -0.435195714, 0.369291365, 0.0204271488, -0.929089189, -0.901222229, -0.236082762, -0.363405377, -0.226765215, 0.971518278, -0.0687741041)}) tween3:Play() tablesorting(part3, tween3)
		tween6 = ts:Create(part6, TweenInfo.new(0.016666680574417114, Enum.EasingStyle.Linear, Enum.EasingDirection.In, 0, false, 0), {C0 = CFrame.new(0.00485330913, 0.977819085, 0.00149264093, -0.998317361, 0.0353541933, -0.0459620953, -0.0447036512, 0.0355982259, 0.998365819, 0.0369325727, 0.998740673, -0.0339578688)}) tween6:Play() tablesorting(part6, tween6)
		tween4 = ts:Create(part4, TweenInfo.new(0.016666680574417114, Enum.EasingStyle.Linear, Enum.EasingDirection.In, 0, false, 0), {C0 = CFrame.new(1.1362828, -0.795936763, -0.529466987, 0.420685589, 0.036796432, 0.906460106, -0.324651271, 0.939113736, 0.112547725, -0.847127616, -0.341630638, 0.407017589)}) tween4:Play() tablesorting(part4, tween4)
		task.wait(0.014)

		if afterframe() then
			return
		end

		--17, 0.2666666805744171
		tween1 = ts:Create(part1, TweenInfo.new(0.016666650772094727, Enum.EasingStyle.Linear, Enum.EasingDirection.In, 0, false, 0), {C0 = CFrame.new(0.0122603849, -0.432578087, -0.358192801, -0.997747004, -0.0665778816, -0.00826320704, -0.0204524714, 0.184548959, 0.982610524, -0.063895151, 0.980565727, -0.185494855)}) tween1:Play() tablesorting(part1, tween1)
		tween5 = ts:Create(part5, TweenInfo.new(0.016666650772094727, Enum.EasingStyle.Linear, Enum.EasingDirection.In, 0, false, 0), {C0 = CFrame.new(-1.15170729, -0.569732666, -0.71043098, 0.231979132, 0.10178607, -0.967380762, -0.217427596, 0.974773169, 0.0504245013, 0.94810915, 0.198637784, 0.248258069)}) tween5:Play() tablesorting(part5, tween5)
		tween2 = ts:Create(part2, TweenInfo.new(0.016666650772094727, Enum.EasingStyle.Linear, Enum.EasingDirection.In, 0, false, 0), {C0 = CFrame.new(1.40061474, 0.0211910903, -0.331002355, 0.238997981, 0.970788836, -0.021188274, 0.944187105, -0.22724402, 0.238476232, 0.226695105, -0.0770009309, -0.970917284)}) tween2:Play() tablesorting(part2, tween2)
		tween3 = ts:Create(part3, TweenInfo.new(0.016666650772094727, Enum.EasingStyle.Linear, Enum.EasingDirection.In, 0, false, 0), {C0 = CFrame.new(-0.861887872, 0.379465729, -0.435210615, 0.369262069, 0.0208549686, -0.929091275, -0.900699973, -0.238190636, -0.363324612, -0.228877902, 0.970994532, -0.0691709667)}) tween3:Play() tablesorting(part3, tween3)
